39.9998611111111
39.9901388888889
39.9804166666667
39.9706944444444
39.9609722222222
39.95125
39.9415277777778
39.9318055555555
39.9220833333333
39.9123611111111
39.9026388888889
39.8929166666667
39.8831944444444
39.8734722222222
39.86375
39.8540277777778
39.8443055555555
39.8345833333333
39.8248611111111
39.8151388888889
39.8054166666667
39.7956944444444
39.7859722222222
39.77625
39.7665277777778
39.7568055555555
39.7470833333333
39.7373611111111
39.7276388888889
39.7179166666667
39.7081944444444
39.6984722222222
39.68875
39.6790277777778
39.6693055555555
39.6595833333333
39.6498611111111
39.6401388888889
39.6304166666667
39.6206944444444
39.6109722222222
39.60125
39.5915277777778
39.5818055555555
39.5720833333333
39.5623611111111
39.5526388888889
39.5429166666667
39.5331944444444
39.5234722222222
39.51375
39.5040277777778
39.4943055555555
39.4845833333333
39.4748611111111
39.4651388888889
39.4554166666667
39.4456944444444
39.4359722222222
39.42625
39.4165277777778
39.4068055555555
39.3970833333333
39.3873611111111
39.3776388888889
39.3679166666667
39.3581944444444
39.3484722222222
39.33875
39.3290277777778
39.3193055555555
39.3095833333333
39.2998611111111
39.2901388888889
39.2804166666667
39.2706944444444
39.2609722222222
39.25125
39.2415277777778
39.2318055555555
39.2220833333333
39.2123611111111
39.2026388888889
39.1929166666667
39.1831944444444
39.1734722222222
39.16375
39.1540277777778
39.1443055555555
39.1345833333333
39.1248611111111
39.1151388888889
39.1054166666667
39.0956944444444
39.0859722222222
39.07625
39.0665277777778
39.0568055555555
39.0470833333333
39.0373611111111