20.0001388888889
20.0251388888889
20.0501388888889
20.0751388888889
20.1001388888889
20.1251388888889
20.1501388888889
20.1751388888889
20.2001388888889
20.2251388888889
20.2501388888889
20.2751388888889
20.3001388888889
20.3251388888889
20.3501388888889
20.3751388888889
20.4001388888889
20.4251388888889
20.4501388888889
20.4751388888889
20.5001388888889
20.5251388888889
20.5501388888889
20.5751388888889
20.6001388888889
20.6251388888889
20.6501388888889
20.6751388888889
20.7001388888889
20.7251388888889
20.7501388888889
20.7751388888889
20.8001388888889
20.8251388888889
20.8501388888889
20.8751388888889
20.9001388888889
20.9251388888889
20.9501388888889
20.9751388888889
21.0001388888889
21.0251388888889
21.0501388888889
21.0751388888889
21.1001388888889
21.1251388888889
21.1501388888889
21.1751388888889
21.2001388888889
21.2251388888889
21.2501388888889
21.2751388888889
21.3001388888889
21.3251388888889
21.3501388888889
21.3751388888889
21.4001388888889
21.4251388888889
21.4501388888889
21.4751388888889
21.5001388888889
21.5251388888889
21.5501388888889
21.5751388888889
21.6001388888889
21.6251388888889
21.6501388888889
21.6751388888889
21.7001388888889
21.7251388888889
21.7501388888889
21.7751388888889
21.8001388888889
21.8251388888889
21.8501388888889
21.8751388888889
21.9001388888889
21.9251388888889
21.9501388888889
21.9751388888889