39.9998611111111
39.9854166666667
39.9709722222222
39.9565277777778
39.9420833333333
39.9276388888889
39.9131944444444
39.89875
39.8843055555555
39.8698611111111
39.8554166666667
39.8409722222222
39.8265277777778
39.8120833333333
39.7976388888889
39.7831944444444
39.76875
39.7543055555555
39.7398611111111
39.7254166666667
39.7109722222222
39.6965277777778
39.6820833333333
39.6676388888889
39.6531944444444
39.63875
39.6243055555555
39.6098611111111
39.5954166666667
39.5809722222222
39.5665277777778
39.5520833333333
39.5376388888889
39.5231944444444
39.50875
39.4943055555555
39.4798611111111
39.4654166666667
39.4509722222222
39.4365277777778
39.4220833333333
39.4076388888889
39.3931944444444
39.37875
39.3643055555555
39.3498611111111
39.3354166666667
39.3209722222222
39.3065277777778
39.2920833333333
39.2776388888889
39.2631944444444
39.24875
39.2343055555555
39.2198611111111
39.2054166666667
39.1909722222222
39.1765277777778
39.1620833333333
39.1476388888889
39.1331944444444
39.11875
39.1043055555555
39.0898611111111
39.0754166666667
39.0609722222222
39.0465277777778
39.0320833333333
39.0176388888889
39.0031944444444
