20.0001388888889
20.0506944444444
20.10125
20.1518055555556
20.2023611111111
20.2529166666667
20.3034722222222
20.3540277777778
20.4045833333333
20.4551388888889
20.5056944444444
20.55625
20.6068055555556
20.6573611111111
20.7079166666667
20.7584722222222
20.8090277777778
20.8595833333333
20.9101388888889
20.9606944444444
21.01125
21.0618055555556
21.1123611111111
21.1629166666667
21.2134722222222
21.2640277777778
21.3145833333333
21.3651388888889
21.4156944444444
21.46625
21.5168055555556
21.5673611111111
21.6179166666667
21.6684722222222
21.7190277777778
21.7695833333333
21.8201388888889
21.8706944444444
21.92125
21.9718055555556
