39.9998611111111
39.9745833333333
39.9493055555555
39.9240277777778
39.89875
39.8734722222222
39.8481944444444
39.8229166666667
39.7976388888889
39.7723611111111
39.7470833333333
39.7218055555555
39.6965277777778
39.67125
39.6459722222222
39.6206944444444
39.5954166666667
39.5701388888889
39.5448611111111
39.5195833333333
39.4943055555555
39.4690277777778
39.44375
39.4184722222222
39.3931944444444
39.3679166666667
39.3426388888889
39.3173611111111
39.2920833333333
39.2668055555556
39.2415277777778
39.21625
39.1909722222222
39.1656944444444
39.1404166666667
39.1151388888889
39.0898611111111
39.0645833333333
39.0393055555555
39.0140277777778
