39.9998611111111
39.9798611111111
39.9598611111111
39.9398611111111
39.9198611111111
39.8998611111111
39.8798611111111
39.8598611111111
39.8398611111111
39.8198611111111
39.7998611111111
39.7798611111111
39.7598611111111
39.7398611111111
39.7198611111111
39.6998611111111
39.6798611111111
39.6598611111111
39.6398611111111
39.6198611111111
39.5998611111111
39.5798611111111
39.5598611111111
39.5398611111111
39.5198611111111
39.4998611111111
39.4798611111111
39.4598611111111
39.4398611111111
39.4198611111111
39.3998611111111
39.3798611111111
39.3598611111111
39.3398611111111
39.3198611111111
39.2998611111111
39.2798611111111
39.2598611111111
39.2398611111111
39.2198611111111
39.1998611111111
39.1798611111111
39.1598611111111
39.1398611111111
39.1198611111111
39.0998611111111
39.0798611111111
39.0598611111111
39.0398611111111
39.0198611111111