20.0001388888889
20.0290277777778
20.0579166666667
20.0868055555556
20.1156944444444
20.1445833333333
20.1734722222222
20.2023611111111
20.23125
20.2601388888889
20.2890277777778
20.3179166666667
20.3468055555556
20.3756944444444
20.4045833333333
20.4334722222222
20.4623611111111
20.49125
20.5201388888889
20.5490277777778
20.5779166666667
20.6068055555556
20.6356944444444
20.6645833333333
20.6934722222222
20.7223611111111
20.75125
20.7801388888889
20.8090277777778
20.8379166666667
20.8668055555556
20.8956944444444
20.9245833333333
20.9534722222222
20.9823611111111
21.01125
21.0401388888889
21.0690277777778
21.0979166666667
21.1268055555556
21.1556944444444
21.1845833333333
21.2134722222222
21.2423611111111
21.27125
21.3001388888889
21.3290277777778
21.3579166666667
21.3868055555556
21.4156944444444
21.4445833333333
21.4734722222222
21.5023611111111
21.53125
21.5601388888889
21.5890277777778
21.6179166666667
21.6468055555556
21.6756944444444
21.7045833333333
21.7334722222222
21.7623611111111
21.79125
21.8201388888889
21.8490277777778
21.8779166666667
21.9068055555556
21.9356944444444
21.9645833333333
21.9934722222222
