20.0001388888889
20.0195833333333
20.0390277777778
20.0584722222222
20.0779166666667
20.0973611111111
20.1168055555556
20.13625
20.1556944444444
20.1751388888889
20.1945833333333
20.2140277777778
20.2334722222222
20.2529166666667
20.2723611111111
20.2918055555556
20.31125
20.3306944444444
20.3501388888889
20.3695833333333
20.3890277777778
20.4084722222222
20.4279166666667
20.4473611111111
20.4668055555556
20.48625
20.5056944444444
20.5251388888889
20.5445833333333
20.5640277777778
20.5834722222222
20.6029166666667
20.6223611111111
20.6418055555556
20.66125
20.6806944444444
20.7001388888889
20.7195833333333
20.7390277777778
20.7584722222222
20.7779166666667
20.7973611111111
20.8168055555556
20.83625
20.8556944444444
20.8751388888889
20.8945833333333
20.9140277777778
20.9334722222222
20.9529166666667
20.9723611111111
20.9918055555556
21.01125
21.0306944444444
21.0501388888889
21.0695833333333
21.0890277777778
21.1084722222222
21.1279166666667
21.1473611111111
21.1668055555556
21.18625
21.2056944444444
21.2251388888889
21.2445833333333
21.2640277777778
21.2834722222222
21.3029166666667
21.3223611111111
21.3418055555556
21.36125
21.3806944444444
21.4001388888889
21.4195833333333
21.4390277777778
21.4584722222222
21.4779166666667
21.4973611111111
21.5168055555556
21.53625
21.5556944444444
21.5751388888889
21.5945833333333
21.6140277777778
21.6334722222222
21.6529166666667
21.6723611111111
21.6918055555556
21.71125
21.7306944444444
21.7501388888889
21.7695833333333
21.7890277777778
21.8084722222222
21.8279166666667
21.8473611111111
21.8668055555556
21.88625
21.9056944444444
21.9251388888889