39.9998611111111
39.9829166666667
39.9659722222222
39.9490277777778
39.9320833333333
39.9151388888889
39.8981944444444
39.88125
39.8643055555555
39.8473611111111
39.8304166666667
39.8134722222222
39.7965277777778
39.7795833333333
39.7626388888889
39.7456944444444
39.72875
39.7118055555555
39.6948611111111
39.6779166666667
39.6609722222222
39.6440277777778
39.6270833333333
39.6101388888889
39.5931944444444
39.57625
39.5593055555555
39.5423611111111
39.5254166666667
39.5084722222222
39.4915277777778
39.4745833333333
39.4576388888889
39.4406944444444
39.42375
39.4068055555555
39.3898611111111
39.3729166666667
39.3559722222222
39.3390277777778
39.3220833333333
39.3051388888889
39.2881944444444
39.27125
39.2543055555555
39.2373611111111
39.2204166666667
39.2034722222222
39.1865277777778
39.1695833333333
39.1526388888889
39.1356944444444
39.11875
39.1018055555555
39.0848611111111
39.0679166666667
39.0509722222222
39.0340277777778
39.0170833333333
39.0001388888889
