20.0001388888889
20.0340277777778
20.0679166666667
20.1018055555556
20.1356944444444
20.1695833333333
20.2034722222222
20.2373611111111
20.27125
20.3051388888889
20.3390277777778
20.3729166666667
20.4068055555556
20.4406944444444
20.4745833333333
20.5084722222222
20.5423611111111
20.57625
20.6101388888889
20.6440277777778
20.6779166666667
20.7118055555556
20.7456944444444
20.7795833333333
20.8134722222222
20.8473611111111
20.88125
20.9151388888889
20.9490277777778
20.9829166666667
21.0168055555556
21.0506944444444
21.0845833333333
21.1184722222222
21.1523611111111
21.18625
21.2201388888889
21.2540277777778
21.2879166666667
21.3218055555556
21.3556944444444
21.3895833333333
21.4234722222222
21.4573611111111
21.49125
21.5251388888889
21.5590277777778
21.5929166666667
21.6268055555556
21.6606944444444
21.6945833333333
21.7284722222222
21.7623611111111
21.79625
21.8301388888889
21.8640277777778
21.8979166666667
21.9318055555556
21.9656944444444
21.9995833333333
