39.9998611111111
39.9873611111111
39.9748611111111
39.9623611111111
39.9498611111111
39.9373611111111
39.9248611111111
39.9123611111111
39.8998611111111
39.8873611111111
39.8748611111111
39.8623611111111
39.8498611111111
39.8373611111111
39.8248611111111
39.8123611111111
39.7998611111111
39.7873611111111
39.7748611111111
39.7623611111111
39.7498611111111
39.7373611111111
39.7248611111111
39.7123611111111
39.6998611111111
39.6873611111111
39.6748611111111
39.6623611111111
39.6498611111111
39.6373611111111
39.6248611111111
39.6123611111111
39.5998611111111
39.5873611111111
39.5748611111111
39.5623611111111
39.5498611111111
39.5373611111111
39.5248611111111
39.5123611111111
39.4998611111111
39.4873611111111
39.4748611111111
39.4623611111111
39.4498611111111
39.4373611111111
39.4248611111111
39.4123611111111
39.3998611111111
39.3873611111111
39.3748611111111
39.3623611111111
39.3498611111111
39.3373611111111
39.3248611111111
39.3123611111111
39.2998611111111
39.2873611111111
39.2748611111111
39.2623611111111
39.2498611111111
39.2373611111111
39.2248611111111
39.2123611111111
39.1998611111111
39.1873611111111
39.1748611111111
39.1623611111111
39.1498611111111
39.1373611111111
39.1248611111111
39.1123611111111
39.0998611111111
39.0873611111111
39.0748611111111
39.0623611111111
39.0498611111111
39.0373611111111
39.0248611111111
39.0123611111111