20.0001388888889
20.0401388888889
20.0801388888889
20.1201388888889
20.1601388888889
20.2001388888889
20.2401388888889
20.2801388888889
20.3201388888889
20.3601388888889
20.4001388888889
20.4401388888889
20.4801388888889
20.5201388888889
20.5601388888889
20.6001388888889
20.6401388888889
20.6801388888889
20.7201388888889
20.7601388888889
20.8001388888889
20.8401388888889
20.8801388888889
20.9201388888889
20.9601388888889
21.0001388888889
21.0401388888889
21.0801388888889
21.1201388888889
21.1601388888889
21.2001388888889
21.2401388888889
21.2801388888889
21.3201388888889
21.3601388888889
21.4001388888889
21.4401388888889
21.4801388888889
21.5201388888889
21.5601388888889
21.6001388888889
21.6401388888889
21.6801388888889
21.7201388888889
21.7601388888889
21.8001388888889
21.8401388888889
21.8801388888889
21.9201388888889
21.9601388888889