5.92448034769463E-05
0.0001906540287226
0.0004173290287226
0.000784037679516251
0.00125764182161754
0.00183633302343159
0.00254275410808768
0.00335882509448224
0.00425731157596372
0.0052375347845805
0.00633292765306123
0.00752913167800454
0.00880768430461073
0.0101682351927438
0.0116420389342404
0.0131819738548753
0.0147863747278912
0.0164633778117914
0.0182664220408163
0.0201575406122449
0.0221392324754346
0.024235583994709
0.0264581059221466
0.0287697721579743
0.0311686128609221
0.0336792329402872
0.0362922091421013
0.0389924319727891
0.0417825161337868
0.0446997661337869
0.0477151004421769
0.0508194160770975
0.0540154440665155
0.0573536462320484
0.0607711124905518
0.0642654967195767
0.067847471266062
0.0715299776606198
0.0752776144217687
0.0790877410544218
0.0829741368216175
0.0869311968442933
0.0909451756991686
0.0950163492441421
0.0991661992441421
0.103396892543462
0.107693026534392
0.112051168858655
0.116502633688587
0.121022410068027
0.125604747312925
0.130250618741497
0.134979344376417
0.139761176439909
0.144596740098262
0.14950339053288
0.15451445744898
0.159624286723356
0.164840401507937
0.170204121507936
0.175725537743764
0.181378625026455
0.187164968786848
0.193148848786848
0.199310478964475
0.205642853975813
0.212158886371882
0.218956729036281
0.225964703764172
0.233181032316704
0.240635972804233
0.248414684954649
0.256423461519274
0.264665007981859
0.273196947981859
0.282068272165533
0.291196854342404
0.300585873820862
0.310341806111111
0.320442121394558
0.330825792176871
0.341491169535147
0.35259684207483
0.364028380714286
0.375757915668934
0.387796686791383
0.400316473106576
0.413154768492064
0.426310342278912
0.439835369240363
0.453794977494331
0.468083097256236
0.482706342528345
0.497784132528345
0.513299656145125
0.52916517159864
0.545379423163265
0.562109581360544
0.57923609590703
0.596717385260771
0.614565084871504
0.632968783216175
0.651748633771731
0.670902583843537
0.690486393843537
0.710625705827664
0.731149245759637
0.752058134444444
0.773454994444444
0.795344926723356
0.817609738877551
0.840249478129252
0.863405838129252
0.887033772732426
0.911077828594104
0.935549748628118
0.96068046877551
0.986287287222222
1.01234383373016
1.03888453426304
1.06610713428571
1.09379078221088
1.12193655354875
1.15063661354875
1.17993539061224
1.20967114188209
1.23984726399093
1.27062387026833
1.30196032838624
1.3337575470068
1.36601671196901
1.39895988355631
1.43240890423658
1.46633065880952
1.50075125707483
1.53589948637188
1.57152935039305
1.60763442360544
1.64428574837491
1.68161953514361
1.71945171813681
1.75778449528345
1.79675577281935
1.83633759182162
1.87640671413076
1.91696234601663
1.95819398837491
1.99997570741119
2.04224157897581
2.0850008108579
2.12848350798942
2.17245103522298
2.21689094607332
2.26185654014739
2.3074968122449
2.35360784293273
2.40019021871126
2.44735952585412
2.49515173915344
2.5434037622449
2.59211217994331
2.64145219096372
2.69132415222222
2.74164817912698
2.79242518582766
2.84389006546485
2.89583868164777
2.94824178645503
3.00113240942177
3.05468997386621
3.10869203948224
3.16314266181406
3.21814059772109
3.27375998027211
3.3298346495616
3.38636134815571
3.44347580820106
3.50113225382464
3.55922140292895
3.61774024171202
3.67689788005669
3.73652424270597
3.79657977360922
3.85708250878685
3.91821006007937
3.97976066792517
4.04173154503779
4.10418657415344
4.16723033811035
4.23068860729025
4.29455746273243
4.35894698239607
4.42386475301965
4.48918669519652
4.55490706743008
4.62119018034769
4.68794466975813
4.755114591387
4.82270710293273
4.89091551517763
4.95952719924036
5.02853467986017
5.09798575000756
5.16800297123205
5.23841031464475
5.30920627887377
5.38048070518519
5.45226213365457
5.52441421854497
5.59693374952381
5.6699613298904
5.74343998389267
5.81729630536281
5.89152618548753
5.96630089130386
6.04144891373394
6.11694339568405
6.19280405527967
6.26919030397581
6.34594487079743
6.42306738717309
6.50062617014739
6.57864666143991
6.65699851187075
6.73568057584278
6.81479761524187
6.89431474588813
6.97414586840514
7.05428232371882
7.13484050421769
7.21569581482237
7.29681323717687
7.37819686348451
7.45996584172714
7.54198415082389
7.62424712995465
7.70678715154573
7.78966792650038
7.8727926224641
7.95615524131519
8.03980764082388
8.12372289383976
8.20782805464852
8.29211338507936
8.37663647004913
8.46132465729025
8.5461501012963
8.63110942620559
8.71624559206727
8.80150718173091
8.88688858822373
8.97240934978458
9.05807704708617
9.14384713074452
9.22971594066516
9.31569297993197
9.40176852875283
9.48790886457672
9.57411269825019
9.66040583441421
9.74677098609977
9.83320558044218
9.91971481637944
10.006324246935
10.0930029214928
10.1797506608541
10.2665720327249
10.3534920597846
10.440480308715
10.5275458698299
10.6147090715986
10.7019669034807
10.7892847955669
10.8766682688511
10.9641275517725
11.0516690135601
11.139284096576
11.2269831363416
11.3147814396674
11.402666288133
11.4906352151965
11.5787010166931
11.6668958682502
11.7551879084014
11.8435742238435
11.9320683845692
12.0206890112169
12.1094086356349
12.1982321302116
12.2871806596901
12.3762390155178
12.4653930952608
12.5546548085676
12.6440563189834
12.7335761527249
12.8232051474225
12.9129508028345
13.0028708697846
13.0929028731746
13.18305191226
13.2733385486546
13.3637851424263
13.4543569038322
13.5450721195729
13.6359503730234
13.7269833949924
13.8181459387642
13.9094474626077
14.0009111233749
14.0925105677891
14.1842302848224
14.2760824686697
14.3681070010847
14.4602399288398
14.5524797463114
14.6448358714588
14.7372867933296
14.8298190461829
14.9224446465382
15.0151527549924
15.107932416387
15.2007730751361
15.2936919771202
15.3866804578534
15.479734805155
15.5728498849924
15.6660558004535
15.7593341174906
15.8526776347619
15.9460927023885
16.0395928314853
16.1331510403061
16.2267670151172
16.3204612848526
16.4142325190023
16.5080701450113
16.6019724993273
16.6959609664664
16.7900306063492
16.8841688714286
16.9783755398526
17.0726882932766
17.1670933873998
17.2615899340854
17.3561874704422
17.4509253954422
17.5457606493311
17.6406932767687
17.7357425219577
17.8309155712358
17.9261863169615
18.0215567326871
18.117062738647
18.2126923221202
18.308423381576
18.4042536748904
18.500206128938
18.5962224737226
18.6922992557634
18.7884391535941
18.8846587265571
18.9809313716478
19.0772603788284
19.1736623866138
19.2701459704082
19.3666919268141
19.4632988061036
19.5599756047355
19.6567060610847
19.7534757289645
19.850281894743
19.9471340155933
20.044017904932
20.1409299565306
20.237869678133
20.3348556474452
20.4318703201776
20.5289101826909
20.6259716878949
20.7230504068254
20.8201419074263
20.9172465709373
21.0143672650038
21.1115000136961
21.2086454987831
21.3058058565117
21.4029959490703
21.5002145699773
21.5974608688057
21.6947357874112
21.7920483814815
21.8893820621844
21.9867413505518
22.0841340578307
22.1815646759486
22.2790214584769
22.3765035345503
22.4740147492479
22.5715631422676
22.6691385010658
22.7667388194633
22.8643663677249
22.9620220766213
23.0597035138284
23.1574109171126
23.2551578627778
23.352939231319
23.4507568691081
23.5486162105215
23.6465270791383
23.7444759672525
23.8424632030121
23.9404949000869
24.0385700229516
24.1366738259524
24.2348039152797
24.3329637547732
24.431167784452
24.5294082272827
24.6276832402532
24.7260004695503
24.8243521339305
24.9227342248224
15.0211445141081
15.119580776901
15.218032499641
15.3164991398639
15.4149812718254
15.5134790081519
15.61198634822
15.7105015607559
15.8090231260317
15.9075576621806
16.0061043621126
16.104663166901
16.2032426381557
16.301838326285
16.4004521236924
16.4990821173999
16.5977403325359
16.6964213215873
16.7951243779554
16.8938530010129
16.9926070483787
17.0913741907332
17.19014970113
17.2889300483296
17.3877156495654
17.4865077448035
17.5853054570824
17.6841080667271
17.7829182832804
17.881736465737
17.9805615460015
18.0793939010695
18.1782321412472
18.2770765124943
18.3759257755858
18.4747797482426
18.5736397805971
18.6725056895918
18.7713762717838
18.8702517934769
18.969133586062
19.0680209172638
19.166912947003
19.2658102650983
19.3647168687075
19.4636334003288
19.5625594734732
19.6615015347166
19.7604578013832
19.859425903545
19.9584108580839
6.01148226888057
6.03128512655858
6.05109006391988
6.07089727469388
6.09070587172411
6.11051551826757
6.13032618029705
6.15013869173469
6.16995275539229
6.18976792889494
6.20958396875888
6.22940137271655
6.24922022729252
6.2690403425873
6.28886180683144
6.30868433501058
6.32850795607332
6.34833243582464
6.36815866676493
6.38798636026833
6.40781531633484
6.42764509900302
6.44747577623054
6.46730755810658
6.48714033367952
6.50697396308844
6.52680856714059
6.5466442798972
6.56648093450038
6.58631941966667
6.60615956154497
6.62600131988964
6.64584432732426
6.66568908361376
6.6855349928836
6.7053820715034
6.72523042384127
6.7450804522517
6.76493223677324
6.7847857307876
6.80464098085412
6.82449792469161
6.84435663819426
6.86421697808163
6.88407866486621
6.90394164977249
6.92380593414134
6.94367113020106
6.96353716711036
6.98340420119879
7.00327236638473
7.02314137919955
7.04301124365533
7.06288217168556
7.08275418796599
7.10262705706727
7.12250083489267
7.14237572052154
7.16225163838851
7.1821284145737
7.20200613198035
7.22188498157521
7.24176477827362
7.26164542505367
7.28152705802646
7.30140989190627
7.32129363987528
7.34117827149055
7.36106396396599
7.38095084364097
7.40083861440363
7.42072731688435
7.44061714692593
7.46050808795994
7.48039991242177
7.50029268802494
7.52018663301361
7.54008162658352
7.55997751967649
7.579874414226
7.59977255167876
7.61967166079516
7.63957167615646
7.65947273424943
7.67937506503175
7.69927831486168
7.7191824990907
7.73908779367045
7.75899427789494
7.77890166022071
7.79880997780574
7.81871944249584
7.83863000166516
7.85854145624339
7.8784541916712
7.89836834170748
7.91828350397355
7.93819956765382
7.95811662353968
7.97803497584429
7.99795426546485
8.01787447795692
8.0377957464641
8.05771826083749
8.07764168008995
8.0975660324845
8.11749151929781
8.13741816607634
8.15734571300151
8.17727419062963
8.19720385150794
8.21713454416856
8.23706611019652
8.25699859336206
8.27693234615419
8.29686703574679
8.31680305425095
8.33674037561678
8.3566793163099
8.37661957266969
8.39656153271277
8.41650477065457
8.43644923395692
8.45639505509599
8.4763421431867
8.49629053599849
8.51624003363795
8.53619043634845
8.55614177343386
8.57609440299773
8.59604804702872
8.61600259794633
8.63595810141723
8.65591495878004
8.67587272792895
8.69583140134013
8.71579111389872
8.7357520905034
8.75571396469161
8.77567674939456
8.79564066784656
8.8156057287158
8.83557168193953
8.85553854655405
8.87550665070673
8.89547580301436
8.91544585652457
8.9354172051353
8.95539056107407
8.97536537714286
8.99534111348299
9.01531787132048
9.03529596736054
9.05527498566516
9.0752549334777
9.09523601821013
9.11521831845276
9.13520156343613
9.15518622555404
9.17517246973469
9.19516014601512
9.21514908094407
9.23513896379668
9.25513020684656
9.27512259707936
9.29511632367196
9.31511108853137
9.33510727668254
9.35510443899924
9.37510259217082
9.39510191366515
9.41510256715646
9.43510421108466
9.45510688409826
9.47511084932804
9.49511623257672
9.51512294608012
9.53513122170597
9.55514090700378
9.57515172113908
9.59516354413152
9.61517644329025
9.63519082174754
9.65520621781028
9.67522294350794
9.69524103257672
9.71526056047166
9.73528119089645
9.75530335957067
9.77532726433787
9.79535267957218
9.81538001709221
9.83540871627438
9.85543896949131
9.875470530161
9.89550323327664
9.91553717531822
9.93557279531595
9.95560962853666
9.97564796703401
9.99568811593349
10.0157311967067
10.0357764668836
10.0558269638269
10.0758824996999
10.0959435674407
10.1160111034376
10.1360874890333
10.1561721089426
10.1762672269093
10.1963752990552
10.2164946755359
10.2366239063689
10.2567625612389
10.2769158159123
10.2970815703039
10.3172595069229
10.3374491591912
10.3576572843878
10.3778787766175
10.3981151198715
10.4183679563764
10.4386429807831
10.4589361147989
10.4792480792547
10.4995820920514
10.5199411444671
10.5403207206281
10.560720657226
10.5811469246697
10.6015989519418
10.6220731144588
10.6425692473666
10.6630975898995
10.6836510725329
10.704228181096
10.7248296306621
10.7454659550786
10.76612925274
10.7868192831693
10.8075397422812
10.8282987000151
10.8490884632698
10.8699093272933
10.8907696139206
10.9116724180824
10.9326090157808
10.9535796557286
10.9745956051542
10.995650343613
11.0167394262351
11.0378636816546
11.0590367476047
11.0802422321451
11.1014788572819
11.1227491099093
11.1440661392993
11.1654166451005
11.186800550641
11.2082263366576
11.2296977382411
11.2512032897823
11.2727434267732
11.2943298787113
11.3159559343621
11.337615190381
11.3593068960718
11.381043046424
11.40281165113
11.4246125173243
11.4464482153734
11.4683315788549
11.4902478084701
11.512195897288
11.5341813629169
11.5562101363107
11.5782717000249
11.6003653512124
11.6224993330491
11.6446730815321
11.6668789896848
11.6891167553371
11.7114007054739
11.73372224965
11.7560787425865
11.7784710182971
11.8009141143348
11.8233923222872
11.8459042962925
11.8684532179259
11.8910512175404
11.9136850129683
11.9363542176689
11.9590672238171
11.9818269536478
12.0046237223152
12.0274568256946
12.0503381128269
12.0732605508125
12.0962176692434
12.119209173418
12.1422479701164
12.1653198356175
12.1884235653878
12.2115613173832
12.2347477894112
12.2579697878828
12.2812270832079
12.30452632826
12.3278677327627
12.3512402043666
12.3746445903583
12.3980878213855
12.4215668363757
12.4450759042132
12.4686146356349
12.49219521713
12.5158042150801
12.5394402793288
12.5631046430091
12.5868145443575
12.6105581143273
12.6343368290181
12.6581551306772
12.6820195494172
12.7059175423205
12.7298485283175
12.7538179405548
12.7778261281716
12.8018679614203
12.8259426608617
12.8500630991973
12.8742227635261
12.8984153250166
12.9226391821209
12.9469103477687
12.9712123762509
12.9955449987491
13.0199117610673
13.0443207920552
13.0687575926266
13.0932211370726
13.1177159342343
13.1422459725722
13.1668021284875
13.1913825484701
13.2159921152857
13.2406274486296
13.2652870405087
13.2899713715435
13.3146924383182
13.3394423109078
13.3642188127022
13.3890226830816
13.4138622285042
13.4387264074943
13.4636149360884
13.4885321201542
13.5134810179274
13.5384541048511
13.5634508165639
13.5884783981814
13.6135367125253
13.6386214616198
13.6637325602389
13.6888803274996
13.7140556330597
13.7392549476939
13.7644777039962
13.7897358962902
13.8150219068579
13.8403353000809
13.8656800795525
13.8910634989131
13.9164759891111
13.9419166063084
13.9673914853515
13.9929048396334
14.0184486751383
14.0440223893167
14.0696382571943
14.0952946975132
14.1209865315178
14.1467134541451
14.1724908252109
14.1983023329486
14.2241453249305
14.2500211149153
14.2759412489297
14.301890137195
14.3278671180824
14.3538751772842
14.3799171496357
14.4059858639622
14.4320803301754
14.4582092438443
14.4843694411277
14.5105568878231
14.5367712424853
14.5630253858571
14.5893052276614
14.6156099324135
14.6419412984528
14.6683106120899
14.6947037780612
14.7211192850597
14.7475595900144
14.7740273054838
14.8005171433371
14.8270282991686
14.8535661408912
14.8801290912079
14.9067097093182
14.9333065705178
14.9599293144112
14.9865740720854
15.0132383928813
15.0399224059985
15.0666363588269
15.0933720946977
15.1201300006236
15.1469147876334
15.1737349824369
15.2005807327937
15.2274504998299
15.2543490451391
15.2812747214067
15.3082218262079
15.3351890191232
15.3621826903983
15.3891995838927
15.4162334760045
15.4432827434414
15.4703582936228
15.4974524202366
15.524564789675
15.5516970409327
15.5788548026047
15.6060331865714
15.6332316541293
15.6604541527166
15.687704165805
15.7149800050053
15.7422809670529
15.76961020248
15.7969633632698
15.8243369988534
15.85173124113
15.8791568662714
15.9066107550197
15.9340893759622
15.9615929357385
15.9891352086342
16.0167058825805
16.0443027981648
16.0719277847143
16.0995854866591
16.1272650410635
16.1549659683583
16.1826922160121
16.2104442285676
16.2382170602169
16.2660101503825
16.2938305299667
16.3216778038609
16.349546085452
16.3774340964792
16.4053483243401
16.4332869875707
16.4612474929743
16.4892302736432
16.5172448185782
16.5452817672358
16.5733390870854
16.6014183775624
16.6295257284346
16.6576559773432
16.6858086437959
16.7139915904021
16.742205984263
16.7704451506175
16.79870684352
16.8269975087445
16.85530712952
16.8836345725336
16.9119810650204
16.9403555479819
16.9687516819093
16.9971686706931
17.0256108178511
17.0540778008269
17.0825656040128
17.111073723006
17.1396096708246
17.1681700924588
17.1967509618118
17.2253511976946
17.2539810011595
17.2826320817664
17.3113025176221
17.3399922002441
17.3687081943893
17.3974450842577
17.4262020178035
17.4549821299017
17.4837863017392
17.5126085359796
17.5414476138821
17.5703080318919
17.5991887724747
17.6280876008783
17.6570044141119
17.6859503283613
17.7149188816047
17.7439084794686
17.7729197094142
17.8019606371859
17.8310228976584
17.8601052687982
17.8892090994724
17.9183387851602
17.9474879225556
17.9766553875079
18.0058451892449
18.0350552313296
18.0642828176523
18.093527498059
18.1227955923265
18.1520804617664
18.1813810942751
18.210697488353
18.2400345391859
18.2693873059471
18.2987556548277
18.3281413837816
18.3575512914505
18.3869806373175
18.4164285800771
18.4458985396455
18.4753900383197
18.5048988883031
18.5344242124444
18.5639718246342
18.593541227359
18.623128730994
18.6527328650612
18.6823567980393
18.7119966193076
18.7416505556773
18.7713182807574
18.8010068229335
18.8307108946054
18.8604298853953
18.8901666700491
18.9199228828307
18.9496956195737
18.9794841284528
19.0092919281368
19.0391147328337
19.0689493449584
19.0987951513553
19.128659683867
19.1585383080242
19.188429603099
19.2183331789735
19.2482500217914
19.2781782738707
19.308118368446
19.3380735336266
19.3680471368163
19.3980363777589
19.4280403166863
19.4580614828927
19.4881016485419
19.5181582256803
19.5482307125359
19.5783261790234
19.6084406764119
19.6385707639169
19.6687148177868
19.6988784439554
19.7290586179426
19.75925509465
19.7894697964414
19.8197048818874
19.849955558031
19.8802207895344
19.9105027236062
19.940803352127
19.971120770901
1.42867532820376
1.43084355318562
1.43301304197797
1.43518362230315
1.43735522767401
1.43952810061559
1.44170223336265
1.4438776077639
1.44605434082869
1.44823291369431
1.45041285258574
1.45259412096555
1.45477696945908
1.45696159770009
1.45914767420948
1.4613351741259
1.46352462587458
1.46571578767525
1.46790830697603
1.4701020891874
1.47229776261635
1.47449498094887
1.47669360385612
1.47889361832016
1.48109553728777
1.48329886432604
1.4855035143085
1.48770959873621
1.48991710654805
1.49212566922049
1.49433519993267
1.4965459037436
1.49875788803293
1.50097091505437
1.50318490239164
1.50540009546685
1.50761638650416
1.50983362647128
1.51205175529927
1.51427104682362
1.51649147545897
1.51871308305539
1.52093608812169
1.52316094066143
1.52538716796253
1.52761469103709
1.52984372662304
1.5320742697578
1.53430608044461
1.53653910764831
1.53877375219901
1.54101014983571
1.54324796399493
1.54548708634715
1.54772783235417
1.54996976227168
1.55221275679462
1.55445681309049
1.55670249065231
1.55894927909869
1.56119711314199
1.56344614055475
1.56569652973561
1.5679480970243
1.57020074124879
1.57245456068
1.57470948775381
1.57696532472433
1.57922199248931
1.5814797624743
1.5837385154621
1.58599814345065
1.5882586396901
1.5905203850108
1.59278300796194
1.59504649421672
1.59731091465695
1.59957648773162
1.6018430763945
1.60411062018022
1.60637933295405
1.60864944113298
1.61092073644347
1.6131931762591
1.61546717944272
1.61774242501841
1.62001874168875
1.62229604652165
1.62457464904924
1.62685422448073
1.6291346919154
1.63141608781325
1.63369859971272
1.6359819328241
1.6382659588978
1.64055064827189
1.64283613690762
1.64512238482297
1.64740936411667
1.64969733388576
1.65198618566181
1.65427578996739
1.65656608648337
1.65885718216683
1.66114897048877
1.66344136048283
1.66573432465366
1.66802812276984
1.67032257602851
1.67261756150767
1.67491301190644
1.6772088683424
1.6795051633383
1.68180181540951
1.68409882193656
1.6863962002916
1.68869395854638
1.69099204344056
1.69329033599088
1.69558892070527
1.69788778032761
1.70018688352748
1.7024862320825
1.7047858774581
1.70708575775273
1.70938586255761
1.71168621880618
1.71398685230018
1.71628768696825
1.7185887179032
1.72088998231816
1.72319150434154
1.72549321920435
1.7277951317348
1.73009729450966
1.73239969662952
1.73470229341048
1.73700509518788
1.73930816242161
1.74161144881552
1.74391492854346
1.74621864600756
1.7485226529553
1.75082688339818
1.75313134033085
1.75543604406365
1.75774101878717
1.76004618805502
1.76235174137777
1.76465773677438
1.76696416405118
1.76927098706392
1.77157813886848
1.77388559438986
1.77619329721148
1.77850118562277
1.7808092702341
1.78311761357953
1.78542615575559
1.78773488361419
1.79004388099568
1.79235318118815
1.79466271986324
1.79697253719431
1.79928260654557
1.80159292775721
1.80390343642792
1.80621417074722
1.80852517579165
1.81083642950626
1.81314789430267
1.81545955504422
1.81777147433144
1.82008361121461
1.82239596503688
1.82470861832297
1.82702158817552
1.82933479383441
1.83164819343921
1.83396182187399
1.83627571064761
1.83858979281676
1.84090407361786
1.84321860542263
1.84553340369803
1.84784844750837
1.85016380501307
1.85247945870176
1.85479535164869
1.85711144450632
1.85942775366337
1.86174434072649
1.86406113623124
1.86637813255415
1.86869535956452
1.87101288985515
1.8733306749019
1.87564882864896
1.87796736075624
1.88028629194417
1.8826055864533
1.88492548651841
1.88724593431908
1.88956686151663
1.89188822236843
1.89421006754038
1.896532397297
1.89885512296334
1.90117822838635
1.90350167777459
1.90582550143532
1.90814962589013
1.91047415016634
1.91279902731077
1.91512429398693
1.91744990329462
1.91977596587879
1.92210241920208
1.92442919737361
1.92675622931633
1.9290837992537
1.93141192816143
1.9337405449154
1.93606964364388
1.9383991306285
1.94072894352462
1.94305899818162
1.94538929459637
1.94771995929489
1.95005094324555
1.95238215683517
1.95471359013816
1.95704531766035
1.9593773186983
1.96170953429203
1.96404201009227
1.96637481881195
1.96870791792128
1.97104130032772
1.97337492346852
1.97570884911791
1.97804300359864
1.98037738232977
1.98271202045962
1.98504695099417
1.98738210098143
1.989717478004
1.99205313211732
1.99438905701819
1.99672520093489
1.99906157766467
2.00139824434662
2.00373517319312
2.00607238370845
2.00840986103795
2.01074764640336
2.01308566528296
2.01542390785936
2.01776240385941
2.02010121364701
2.02244027313476
2.02477962900502
2.02711931198969
2.02945932517698
2.03179960947646
2.03414016473534
2.03648101112693
2.03882212079759
2.04116345524895
2.04350503113368
2.04584691097673
2.04818904846399
2.05053147418346
2.05287418354265
2.055217223814
2.05756051694531
2.05990404409065
2.06224784665965
2.06459194670759
2.06693627795265
2.06928092437696
2.07162593915835
2.07397128057634
2.07631688626595
2.07866293811662
2.08100942265835
2.08335629491005
2.08570358942603
2.08805129891362
2.09039953544536
2.09274825019512
2.09509749244099
2.09744723657569
2.09979744616159
2.10214803460096
2.10449914769744
2.10685063162223
2.10920246890476
2.1115545933938
2.11390697260631
2.11625966444525
2.11861262845535
2.12096583304173
2.12331933111932
2.12567315900842
2.12802724298531
2.13038157558536
2.13273625077071
2.13509131736951
2.13744670589834
2.13980245409988
2.14215856486843
2.14451504991329
2.1468718579689
2.14922915336038
2.15158697619339
2.15394527459513
2.1563039600528
2.15866305562752
2.16102252273955
2.16338228477848
2.16574234061899
2.1681027144872
2.17046347897873
2.17282457957262
2.1751859819926
2.17754769666078
2.17990974120084
2.18227204607316
2.1846346268247
2.18699753987318
2.18936076750626
2.19172426049795
2.19408810294731
2.19645239131535
2.19881708246928
2.2011821714642
2.20354758194363
2.20591336020322
2.20827941777043
2.21064575155518
2.21301240368308
2.21537941938052
2.21774673603715
2.22011437488457
2.22248237773745
2.22485074697668
2.22721945127772
2.22958845495206
2.23195782190438
2.23432751240687
2.23669749068767
2.23906786524657
2.24143869475359
2.24380990127961
2.24618155203509
2.24855360996458
2.25092612503628
2.25329902098704
2.25567222897943
2.25804580339898
2.26041975181854
2.26279400433549
2.26516858175127
2.26754354563454
2.26991886520964
2.27229449005653
2.27467045038155
2.27704681424128
2.27942351392782
2.28180052764572
2.28417789289974
2.28655571300005
2.28893395597349
2.2913126940622
2.29369181819507
2.296071340155
2.29845117846701
2.30083135135741
2.30321194067784
2.30559293155016
2.30797427309508
2.31035599087663
2.31273816393419
2.31512074206959
2.31750367978274
2.31988697855626
2.32227071614982
2.32465481644612
2.32703931902111
2.3294242267929
2.33180957719679
2.33419528529279
2.33658133692501
2.338967795592
2.34135465770554
2.343741853912
2.34612940799638
2.34851738655728
2.35090574847252
2.35329444252959
2.35568350153688
2.35807299837825
2.36046285129009
2.36285304076023
2.36524360849735
2.3676346515582
2.3700261401854
2.3724180395731
2.37481038677297
2.37720320996939
2.37959648592053
2.38199023605874
2.3843844823829
2.38677918556398
2.38917425474576
2.3915697131029
2.39396561755896
2.39636189459972
2.39875851337955
2.40115550902759
2.40355295201101
2.40595074664998
2.40834889004325
2.41074743003428
2.41314640215743
2.41554571622735
2.41794541743014
2.42034556032065
2.42274613801193
2.42514708836956
2.42754845951576
2.4299502794736
2.43235248269226
2.43475502461732
2.43715793489229
2.43956128881087
2.44196499968119
2.44436908917212
2.44677356153596
2.44917846710139
2.45158371342031
2.45398930782707
2.45639530072535
2.45880170494623
2.46120844294552
2.46361553128755
2.46602303261338
2.46843091937793
2.47083913449698
2.47324770206571
2.4756566957388
2.4780660450697
2.48047572570381
2.48288578891248
2.48529629998348
2.48770717129376
2.49011844104675
2.49253010791804
2.49494219203952
2.49735459593311
2.49976733115085
2.50218044872476
2.50459394310263
2.50700774936859
2.50942188529867
2.51183641804784
2.51425129959632
2.51666649356754
2.51908204396016
2.52149802190833
2.5239143487571
2.52633099122789
2.52874799746788
2.53116541184154
2.53358313771375
2.5360011807084
2.53841957963713
2.54083835095632
2.54325742437231
2.54567681209713
2.54809657293095
2.55051668466094
2.55293709906041
2.55535783197824
2.55777895833706
2.56020040894574
2.56262216730834
2.56504425120845
2.56746672517158
2.56988950693116
2.57231259905226
2.57473602973221
2.57715983603941
2.57958394429338
2.58200836695233
2.58443315255313
2.58685829952818
2.58928374713551
2.59170951032831
2.59413565601765
2.59656213369987
2.59898891473415
2.60141601252278
2.60384349743068
2.60627129046507
2.60869938857245
2.61112781486265
2.6135566171576
2.61598571696107
2.61841512260701
2.62084487139828
2.62327497758196
2.62570537406236
2.62813607552532
2.63056713931325
2.63299853692636
2.63543037061759
2.63786255998677
2.64029515227125
2.6427280544296
2.64516125682691
2.6475947790162
2.6500286751082
2.65246287069933
2.65489737323199
2.65733221429246
2.65976741742393
2.66220291487123
2.6646387201671
2.66707488145211
2.66951138254087
2.67194817460787
2.67438527278204
2.67682274102079
2.67926052355313
2.68169860379532
2.68413700259157
2.68657577719183
2.68901485426498
2.69145423603261
2.69389395157715
2.69633402873783
2.69877439764437
2.70121507059967
2.7036560905271
2.7060974558369
2.70853910883889
2.71098109528382
2.71342345508163
2.71586613482577
2.71830910481271
2.72075238666974
2.72319603527411
2.72563998315236
2.72808422546809
2.73052879359319
2.73297372709049
2.7354189807097
2.73786453610906
2.74031043061154
2.7427566758105
2.74520324138948
2.74765014519237
2.75009742784419
2.75254505958563
2.75499298166947
2.75744121957429
2.75988982464431
2.76233873732005
2.76478794940282
2.76723749030267
2.76968739750259
2.77213760793651
2.77458813459184
2.77703906869944
2.779490460657
2.7819424139235
2.78439483752516
2.78684772061937
2.78930103527367
2.79175487220273
2.79420919895022
2.79666400840719
2.79911920453083
2.80157472364448
2.8040305961346
2.8064868608715
2.80894345140428
2.81140040614669
2.81385777207596
2.81631555961359
2.81877369754692
2.82123220473318
2.8236910982185
2.82615036112272
2.82860994303515
2.83106987310874
2.83353019745233
2.83599087381935
2.83845188030224
2.84091324673637
2.84337501710263
2.84583712420851
2.84829957031978
2.85076239122514
2.85322560700022
2.85568915286006
2.85815304523631
2.86061732217757
2.86308198054352
2.86554696369377
2.86801230027875
2.87047804385153
2.87294417206198
2.87541066741659
2.87787752388187
2.88034478489504
2.8828123907341
2.88528033941939
2.88774866109502
2.89021738111943
2.89268643547522
2.89515583945476
2.89762563017077
2.90009580817887
2.90256631737248
2.9050371856969
2.90750844661262
2.90998007660533
2.91245203694509
2.91492435849158
2.91739708184424
2.91987015211889
2.92234356067088
2.92481733751636
2.92729150904908
2.92976601193235
2.93224085896388
2.934716086546
2.93719169720894
2.93966763533263
2.94214392653812
2.94462060475969
2.94709765662067
2.94957503632955
2.95205277569555
2.9545309136678
2.95700940731908
2.9594882396306
2.96196744355901
2.96444705360269
2.96692700667779
2.96940730995411
2.97188800149109
2.9743690922219
2.97685052208471
2.97933231453131
2.9818145075223
2.9842970896867
2.9867800106989
2.98926330517282
2.99174701207904
2.99423109480062
2.9967155288308
2.99920034806349
3.0016855899479
3.00417119061808
3.00665715330224
3.00914351517649
3.01163029332291
3.01411742587215
3.01660493349601
3.01909285739429
3.02158118712277
3.02406987138527
3.02655894099271
3.02904843520214
3.03153832134526
3.03402856608709
3.03651920179808
3.03901026949573
3.04150170821148
3.04399351465349
3.046485722655
3.04897835686519
3.05147135019172
3.0539647188065
3.05645850402937
3.05895270046372
3.06144725218788
3.06394218828161
3.06643754812245
3.06893330541173
3.07142942058822
3.07392595309594
3.07642294004735
3.07892032879613
3.08141808413103
3.08391623818805
3.08641482148375
3.08891376979451
3.09141309559859
3.09391283397047
3.0964129912125
3.0989135079236
3.10141446914772
3.10391586522303
3.10641766534667
3.10891982371655
3.1114223721347
3.11392534904281
3.11642871602861
3.11893244933463
3.12143657802262
3.12394114966877
3.12644611557586
3.12895148811716
3.13145730703833
3.13396357597268
3.13647020314307
3.13897720604017
3.14148461979851
3.14399243743602
3.14650060618767
3.14900915262153
3.15151811134429
3.15402745640449
3.15653715356025
3.15904725512175
3.16155779840568
3.16406873227205
3.16658002607186
3.16909170208498
3.1716037881698
3.17411622542204
3.17662902509497
3.17914221688187
3.18165580908088
3.18416974798612
3.18668405411424
3.18919876449179
3.19171387162563
3.19422933053153
3.19674516943213
3.19926143053455
3.20177807542107
3.20429511925521
3.2068125965738
3.20933054752403
3.21184891600534
3.21436768546474
3.21688687375996
3.21940649632259
3.2219264748302
3.22444682505588
3.226967585272
3.22948875582156
3.23201028128247
3.23453218608763
3.23705450646847
3.23957721943845
3.24210029079948
3.24462374525348
3.24714762961214
3.24967188659427
3.25219651400561
3.25472153256365
3.25724697645513
3.25977278177924
3.26229896034483
3.26482554069517
3.2673525350169
3.2698798833998
3.27240760547808
3.27493573926579
3.27746427430785
3.27999319668346
3.28252249133171
3.28505221014934
3.28758230527805
3.29011276152888
3.29264359771007
3.29517487144423
3.29770653461759
3.30023856611014
3.3027709921901
3.30530384095956
3.30783704769884
3.31037062740638
3.31290461707235
3.31543901975305
3.31797377971672
3.32050891888608
3.32304448739634
3.32558045258493
3.32811678445227
3.33065349906419
3.33319065395605
3.33572818316127
3.33826608504719
3.34080438104157
3.34334311144137
3.34588220851091
3.3484216830068
3.35096156957402
3.35350188350918
3.35604256063352
3.35858362021796
3.36112510714307
3.36366700578798
3.36620927258077
3.36875192611138
3.37129502959891
3.37383852218459
3.37638242935169
3.3789267355305
3.38147149174641
3.38401662733171
3.38656215096388
3.38910809091621
3.39165447580321
3.39420123554233
3.39674838782032
3.39929597332264
3.40184399079543
3.4043923859797
3.40694117917763
3.40949042890962
3.41204009045389
3.41459014444104
3.41714060543375
3.4196915344466
3.42224285992782
3.42479462124943
3.42734682823113
3.42989951123961
3.43245258048639
3.43500605146178
3.43755997300999
3.44011436151301
3.44266916240217
3.44522436297921
3.44778001012866
3.45033607411289
3.45289252024225
3.4554493649635
3.45800666653245
3.46056435769247
3.46312243358039
3.46568091370473
3.46823984063141
3.47079914165954
3.47335882635272
3.47591892799552
3.47847946150038
3.48104035986119
3.48360164046307
3.48616334790368
3.48872546754492
3.49128795435018
3.49385082789445
3.49641414572471
3.49897785020187
3.50154193056311
3.50410640765657
3.50667132666478
3.50923661646194
3.5118022848627
3.51436836019361
3.51693486141248
3.51950172284537
3.52206896248488
3.52463661770354
3.52720468104379
3.52977309883749
3.53234189231568
3.53491111328447
3.53748071485401
3.54005067538047
3.54262103955928
3.54519185834257
3.54776306638284
3.55033463735266
3.55290659872994
3.55547898418556
3.55805174888576
3.56062496480299
3.56319865421407
3.56577281753947
3.56834742412677
3.57092239966321
3.57349779372519
3.57607357179673
3.57864969974981
3.58122620103191
3.58380313159902
3.58638042342333
3.58895807179219
3.59153610379905
3.59411455569874
3.59669335528895
3.59927251252165
3.60185206263557
3.60443201490611
3.60701230483744
3.60959295287496
3.6121740039635
3.6147554383938
3.61733721215581
3.6199193454716
3.62250189524517
3.62508480086546
3.627668049749
3.63025166174036
3.63283568558125
3.63542004830844
3.63800475310582
3.64058983554627
3.64317531569917
3.64576112574355
3.64834728086368
3.65093382838489
3.65352075565803
3.65610800851496
3.65869560809432
3.66128361319399
3.66387197362914
3.66646066616224
3.66904971297241
3.67163916863692
3.67422896136907
3.67681909086816
3.67940958996955
3.68200049002516
3.68459172004319
3.68718332448159
3.68977532045972
3.69236770403887
3.69496044472498
3.69755356221742
3.70014708898812
3.70274097781271
3.70533519499174
3.70792976635072
3.71052476863811
3.71312016153974
3.71571599159972
3.71831225618411
3.72090896775046
3.72350600796464
3.72610342043683
3.72870122023356
3.73129940797522
3.73389792110301
3.7364967858715
3.7390960490575
3.74169568455453
3.74429564834046
3.74689596975921
3.74949670306598
3.7520977870156
3.75469920821699
3.75730099751199
3.75990319564145
3.76250572838635
3.76510860149854
3.767711856866
3.77031550689855
3.77291948295611
3.77552380438414
3.77812851703234
3.78073360336972
3.78333901009761
3.78594476754994
3.7885509276502
3.79115743959076
3.79376427799827
3.79637147652635
3.79897908034014
3.80158701790957
3.80419528700983
3.80680392903266
3.80941296075699
3.81202231368421
3.81463200355923
3.817242076724
3.8198525236319
3.8224632867855
3.82507439482707
3.82768589719803
3.83029775474123
3.8329099323234
3.83552246451846
3.83813542230861
3.84074876838603
3.84336244289575
3.84597648717347
3.84859092900858
3.85120569723307
3.85382080113195
3.85643629048251
3.85905216251053
3.86166835574452
3.86428489564156
3.86690183108331
3.8695191326854
3.87213675513184
3.87475473177535
3.87737310904017
3.87999182517838
3.88261086396129
3.8852302626035
3.88785005021045
3.89047015984759
3.89309059484321
3.89571139886033
3.89833257357591
3.90095405680709
3.90357586829576
3.90619805147867
3.9088205901272
3.9114434352097
3.9140666141306
3.91669017360069
3.91931407016802
3.92193831411311
3.92456292435844
3.92718794373998
3.92981331168967
3.93243899840287
3.93506504203839
3.93769146158817
3.94031819410744
3.94294525388084
3.94557268467455
3.94820048441583
3.9508285978309
3.95345705086751
3.95608589078534
3.95871508605507
3.96134459898046
3.96397446007953
3.96660471728323
3.96923531037895
3.97186622867854
3.97449750888268
3.97712917686961
3.97976116902926
3.98239349413217
3.98502619382637
3.98765927235628
3.99029266929538
3.99292640681104
3.99556052729387
3.99819501409394
4.00082981886416
4.00346497301971
4.00610052411829
4.0087364244378
4.01137265076115
4.01400924106306
4.01664622828496
4.01928355065922
4.02192120669793
4.02455924325661
4.02719766973675
4.02983642123917
4.03247551181266
4.03511499018632
4.03775484402219
4.04039501767962
4.04303553875375
4.04567645653283
4.04831773098283
4.05095932569992
4.05360127425678
4.05624361524592
4.05888628999827
4.06152928647176
4.06417264987815
4.06681639997193
4.06946047312094
4.07210487671234
4.07474966069928
4.0773948215183
4.08004030029241
4.0826861491387
4.08533242997695
4.08797912310177
4.09062620810755
4.09327370191038
4.09592164901107
4.09856999632594
4.10121878090206
4.10386799067417
4.10651764033749
4.10916765871963
4.11181805251479
4.11446886556247
4.1171200989554
4.11977169821056
4.12242371082826
4.12507614643959
4.12772896884213
4.13038212532318
4.13303570114259
4.1356897502523
4.13834423945281
4.14099910625856
4.14365438088754
4.14631008674236
4.14896615348958
4.15162258217552
4.15427941754352
4.15693666806096
4.15959427300713
4.16225224839153
4.16491063748877
4.16756942874414
4.17022856675143
4.17288807702797
4.17554800173896
4.17820830910366
4.18086896408217
4.18353000009772
4.18619145499924
4.18885327786497
4.19151546021456
4.19417803724625
4.19684102840968
4.1995043756055
4.20216808717482
4.20483220307796
4.20749672174225
4.21016158717234
4.21282682259913
4.21549246720516
4.21815850847322
4.2208249337023
4.22349176173437
4.22615902741529
4.22882669073005
4.23149470876612
4.23416313323847
4.23683198258428
4.23950118804827
4.24217075211478
4.24484070812137
4.24751106561278
4.25018176665922
4.25285282781158
4.2555242836056
4.25819613195265
4.2608683173255
4.26354086561527
4.26621383573523
4.2688872257733
4.27156099116926
4.27423514676687
4.27690971247047
4.27958462938268
4.28225988703115
4.28493553391065
4.28761159486681
4.29028801981422
4.29296481644963
4.29564200814162
4.29831960530234
4.30099755626752
4.30367587521569
4.3063545760649
4.30903364124722
4.3117130229093
4.31439274941318
4.317072853452
4.31975329927897
4.32243406481033
4.32511517671914
4.32779666181303
4.33047846869285
4.33316059700896
4.3358430752409
4.33852592394806
4.34120908138419
4.34389256566332
4.34657639895006
4.3492605923998
4.35194508937339
4.35462991632734
4.35731510006619
4.36000062422379
4.3626864581259
4.36537262461365
4.36805915619571
4.37074601058174
4.37343318361381
4.37612069419426
4.37880858307515
4.38149684111316
4.38418547787701
4.38687447014626
4.38956382448834
4.39225347783215
4.39494345439623
4.3976337781583
4.40032444468151
4.40301541118826
4.4057067034932
4.40839835223091
4.41109032428388
4.41378260536983
4.41647521728193
4.41916819255712
4.42186147503374
4.42455507030677
4.42724899703839
4.42994328026768
4.43263785410517
4.43533274430121
4.43802796800059
4.44072353459583
4.44341939231217
4.44611557459535
4.44881210200621
4.45150895385628
4.45420610588527
4.45690358073275
4.45960140715495
4.46229953867223
4.46499797636556
4.46769673915754
4.47039585614901
4.47309526561721
4.47579499116343
4.47849504573756
4.4811954498322
4.48389614175165
4.48659715711165
4.48929850988063
4.49200019175904
4.49470216993948
4.49740449996059
4.5001072219493
4.50281034357634
4.50551402922724
4.50821814218157
4.5109227314161
4.51362796723329
4.51633367424436
4.51903980727324
4.521746376184
4.52445334678577
4.52716068107062
4.52986837448942
4.53257642018443
4.53528480842771
4.53799360914118
4.54070287494137
4.54341270281584
4.54612310593575
4.54883391284413
4.55154511507888
4.55425666683409
4.55696858329927
4.55968087010307
4.56239355573642
4.56510655348774
4.56781992199471
4.57053365092377
4.5732477473011
4.57596218969296
4.57867705255188
4.58139234822854
4.58410807108709
4.58682421249833
4.58954077559491
4.59225778237912
4.59497520867147
4.59769320841756
4.60041185195994
4.60313118437863
4.60585116426666
4.60857181370208
4.61129315420835
4.61401525489062
4.61673882339591
4.61946375073783
4.62219007719172
4.62491798705496
4.62764770936692
4.6303786385934
4.63311080972114
4.63584454927454
4.63858000750983
4.64131696533031
4.64405548367936
4.64679603960048
4.64953859746987
4.6522829414161
4.65502912338797
4.6577778710684
4.66052898533387
4.66328233863794
4.66603804135093
4.66879692974873
4.67155796156803
4.67432113305205
4.67708675677913
4.67985553213498
4.68262680414296
4.68540063232669
4.68817770495557
4.69095787916321
4.69374068325402
4.6965261666691
4.69931514010668
4.70210688578874
4.70490117838014
4.7076981039263
4.71049907672006
4.7133027528112
4.7161090374993
4.71891812543456
4.72173070373432
4.72454613098828
4.72736455150983
4.73018692108536
4.73301329528895
4.73584291900551
4.73867581612914
4.74151299000561
4.74435370539801
4.74719744764221
4.75004417189693
4.75289520998056
4.75574951605836
4.75860700509891
4.76146792370916
4.76433318176666
4.76720138783004
4.77007253482572
4.77294719402327
4.7758255463004
4.77870676594007
4.78159089253045
4.78447893853142
4.78737083512952
4.7902661070474
4.79316481310782
4.79606833230191
4.79897523038813
4.80188524552403
4.80479847480013
4.80771620611662
4.81063727280407
4.81356163905885
4.81648970063773
4.81942157783053
4.82235611750049
4.82529327455453
4.82823367932594
4.83117719055772
4.83412347944785
4.83707263991642
4.84002565617962
4.84298176789207
4.84594063922352
4.84890225088381
4.85186803860371
4.85483669746237
4.85780829218783
4.86078328867217
4.86376256913962
4.86674487624738
4.86973016611311
4.87271902914739
4.87571128624922
4.87870640343645
4.88170442881152
4.88470639699196
4.88771180922427
4.890720260046
4.89373175000545
4.89674688880574
4.89976457719382
4.90278467665522
4.90580725499514
4.90883275000993
4.9118604269201
4.91489030902921
4.91792280497516
4.92095815884095
4.92399573033171
4.92703552977983
4.93007822196361
4.93312374480963
4.93617170743732
4.93922211557105
4.9422755788024
4.94533134320349
4.94838926573642
4.95144941125467
4.95451256961683
4.95757780934759
4.96064506894207
4.96371447466116
4.96678609609189
4.96985960501096
4.97293504435801
4.97601280469469
4.97909294978944
4.98217511053763
4.9852592893302
4.98834600524188
4.99143465878604
4.99452514751431
4.99761753090752
5.00071251786913
5.00380958443122
5.00690877114307
5.01001034273199
5.01311493128388
5.0162217802612
5.01933082792333
5.02244226887777
5.02555593042836
5.02867140007316
5.03178868522498
5.03490829380693
5.03803015183333
5.04115395752467
5.04427967981633
5.04740811795864
5.05053855226909
5.05367090879209
5.05680525391918
5.05994208649649
5.06308062157915
5.06622084723869
5.06936300667968
5.07250740699158
5.07565361960453
5.07880165139807
5.08195192590951
5.08510423945222
5.08825829484446
5.09141405711414
5.09457187864037
5.09773111464059
5.10089165396734
5.10405347392728
5.10721682770899
5.11038140452349
5.11354720520549
5.11671428356446
5.11988274667682
5.12305240750346
5.12622327312855
5.12939546416391
5.13256905717034
5.13574382234607
5.13891975174528
5.14209712689391
5.14527576041281
5.14845543705124
5.15163605238003
5.15481794703677
5.15800078877778
5.16118454492458
5.16436918886567
5.16755469480499
5.1707409813241
5.17392807023054
5.17711601734073
5.18030501478318
5.18349491719571
5.18668570331946
5.18987735024803
5.19306950368551
5.19626222028291
5.19945552843915
5.20264945902899
5.20584410516856
5.20903951636621
5.21223575069269
5.21543299391405
5.2186311060744
5.22183008100615
5.22502992936513
5.22823064893921
5.23143205304524
5.23463410932912
5.23783676619064
5.24104003318065
5.24424392175262
5.2474484405954
5.25065353965857
5.25385914360652
5.25706523730288
5.26027178657839
5.26347881921801
5.26668634326439
5.26989437769442
5.27310290207505
5.27631198087993
5.27952166480623
5.28273193800702
5.28594265861613
5.28915387529813
5.29236558856328
5.29557779387399
5.29879043863255
5.30200358073448
5.30521724634824
5.30843143586664
5.31164610338225
5.31486120519971
5.31807675171148
5.3212927074777
5.32450904230299
5.32772588227038
5.33094324859481
5.33416111856317
5.3373794779695
5.34059829509481
5.34381756507672
5.34703724549746
5.35025736824009
5.35347794127416
5.35669895520257
5.35992034159459
5.36314216058919
5.36636442640617
5.36958711203283
5.37281017463384
5.37603368056894
5.37925763714664
5.38248198892425
5.38570673201679
5.38893191664124
5.39215755383679
5.39538360212088
5.39861005755372
5.40183695012018
5.40506428036654
5.40829197794169
5.41152009538884
5.41474864758611
5.41797761817201
5.42120695519237
5.42443672426525
5.42766693393726
5.43089753825634
5.43412852160609
5.43735994038943
5.44059179936357
5.44382403543651
5.44705666742846
5.45028973027805
5.45352323622098
5.45675720849784
5.45999164127378
5.46322651974458
5.46646181449568
5.46969746570441
5.47293353568119
5.47617003285363
5.47940692154967
5.48264417315889
5.4858818462876
5.48911994779403
5.49235841986146
5.4955972716008
5.49883656096701
5.50207629491178
5.50531638844121
5.50855690452651
5.5117978488654
5.51503920926045
5.51828092359621
5.52152305137474
5.5247656029432
5.52800855065042
5.53125185385623
5.53449557181811
5.53773971374414
5.54098422696836
5.54422910766413
5.54747440137393
5.5507201183951
5.55396619357791
5.5572126527849
5.56045952245324
5.56370680471655
5.56695443298137
5.57020245656063
5.57345088758957
5.57669971137399
5.57994887814269
5.58319844886303
5.58644844999152
5.58969887327427
5.59294964739116
5.59620082291837
5.59945240735423
5.60270433997446
5.60595663555906
5.60920932695303
5.61246241862315
5.61571584634143
5.61896965132583
5.62222385368718
5.62547844427319
5.62873336603061
5.63198867988236
5.63524441682907
5.6385005731786
5.64175710140287
5.64501402539645
5.64827134750988
5.65152901243311
5.65478702449509
5.65804542313125
5.6613042165744
5.66456337108449
5.66782288760107
5.67108278738981
5.67434306873577
5.67760367189591
5.6808646531705
5.68412601963811
5.68738774725175
5.69064979610987
5.69391222056792
5.6971750257328
5.70043816364032
5.70370169092879
5.70696561227578
5.71022993816445
5.71349467801722
5.7167598160528
5.72002533270684
5.72329121737393
5.72655741227627
5.72982396415635
5.7330908804323
5.73635815346636
5.73962573724452
5.74289368518006
5.74616200172363
5.74943065282815
5.75269962314118
5.75596895585272
5.75923865772978
5.76250868106808
5.76577903740584
5.76904975368011
5.7723208355825
5.77559222796577
5.77886396682756
5.78213609111921
5.78540861713012
5.78868144964577
5.79195464137604
5.79522819747171
5.7985020934391
5.80177630543149
5.80505088217557
5.80832583128922
5.81160111204017
5.81487672915679
5.81815272052451
5.82142908789289
5.82470578221375
5.82798283300173
5.83126026243208
5.83453806804999
5.83781619876374
5.84109470302505
5.84437359562472
5.84765287140519
5.85093247214248
5.85421244863411
5.85749280316224
5.86077349935849
5.86405455985687
5.86733600193888
5.87061783039153
5.87390004955863
5.87718267648704
5.88046570543219
5.88374912534062
5.88703286677286
5.89031697447727
5.89360145118006
5.89688628844585
5.9001714469838
5.90345697896221
5.90674291276358
5.91002927090557
5.91331602729041
5.91660316273064
5.91989067095924
5.92317851289564
5.92646670180304
5.92975527336605
5.93304423707694
5.93633356071941
5.93962327060458
5.94291336850794
5.94620385520462
5.94949466387615
5.95278584770624
5.95607740032588
5.95936930475348
5.96266154148747
5.96595415364324
5.96924713596539
5.97254045477934
5.97583411658374
5.97912814678458
5.98242254360533
5.98571726701242
5.98901235000373
5.99230779596285
5.99560360648926
5.99889973954044
6.00219624439413
6.00549311247192
6.00879033581908
6.01208788833452
6.0153858173512
6.01868411665959
6.02198275933625
6.02528174531109
6.02858110662877
6.03188083834424
6.03518090200227
6.03848132397965
6.04178211655377
6.04508327552743
6.04838476133706
6.05168662478091
6.0549888556258
6.05829144645956
6.06159436730742
6.06489767152494
6.06820134650086
6.07150537182939
6.07480974110506
6.07811449647128
6.08141962732993
6.08472510015166
6.08803093385698
6.0913371500366
6.09464374072498
6.09795066734289
6.1012579756292
6.10456566005961
6.1078737157368
6.11118210815247
6.11449089805226
6.11780006713411
6.12110960307521
6.12441949320802
6.12772978919804
6.13104047408768
6.13435152138279
6.13766294741669
6.14097478265409
6.14428701505831
6.14759960989521
6.15091261465554
6.15422602653466
6.15753984077308
6.16085402274776
6.16416863684618
6.16748365676304
6.17079907562617
6.17411487190946
6.17743110409157
6.18074774387053
6.18406477125597
6.18738219507316
6.19070005366084
6.19401832573307
6.19733698130526
6.2006560840724
6.20397562488884
6.20729558012029
6.21061591471342
6.21393669037993
6.21725788172546
6.22057948321126
6.22390146960264
6.22722390648931
6.23054675957186
6.23387001485822
6.23719367170046
6.24051777644893
6.24384229726244
6.24716720852597
6.25049254030337
6.25381830515376
6.25714448261667
6.26047104169793
6.26379804078728
6.26712545459648
6.27045327832469
6.2737814836746
6.27711013547246
6.28043919149946
6.28376864732205
6.28709849301107
6.29042878072201
6.29375947498121
6.29709055752824
6.30042204922184
6.30375397079252
6.30708630032491
6.31041901065123
6.31375215423842
6.31708571373324
6.32041968243991
6.32375403099163
6.32708882563929
6.33042402680202
6.33375963298548
6.33709562742188
6.34043206856749
6.34376891642441
6.34710615707915
6.35044380231616
6.3537818839533
6.35712037425327
6.36045924775175
6.36379855066348
6.36713827661003
6.37047841283841
6.37381892908233
6.37715989204389
6.38050126693872
6.38384305249104
6.38718522794493
6.39052785538965
6.39387088926482
6.39721432176379
6.40055815500567
6.403902426389
6.40724710029041
6.41059215456625
6.41393762257105
6.41728350696253
6.42062978863174
6.4239764383769
6.42732351699779
6.43067099307515
6.43401886727751
6.43736711413751
6.44071579723766
6.44406487440055
6.44741434572724
6.45076420575699
6.45411450510711
6.45746520725386
6.46081629835255
6.4641678043342
6.46751974302154
6.47087209199757
6.47422482685406
6.47757800578971
6.48093160633031
6.48428562232615
6.48764002863309
6.49099488969447
6.49435016273556
6.49770584834904
6.50106193131363
6.50441846512283
6.50777540843316
6.51113275053579
6.51449050530936
6.51784869772103
6.52120730164788
6.52456629391718
6.52792572000194
6.53128556680747
6.53464582607224
6.53800647485326
6.54136757293478
6.54472908521569
6.54809101623205
6.55145335026471
6.55481614465484
6.55817935517514
6.56154297954838
6.56490702257451
6.56827151727378
6.57163643275337
6.57500175087642
6.5783675062023
6.58173369990087
6.58510031662466
6.58846733251787
6.59183480215603
6.59520269795605
6.59857101525661
6.60193973490325
6.60530891081638
6.60867850396615
6.61204851451852
6.61541893836179
6.618789817268
6.62216111840768
6.62553283332216
6.62890498644725
6.63227758504535
6.63565060721396
6.63902403605993
6.64239791834554
6.64577223341729
6.64914697831811
6.65252213717293
6.65589776108498
6.65927381065916
6.6626502911218
6.66602719473653
6.66940456590719
6.67278236235757
6.67616058179705
6.67953924133663
6.68291835713449
6.68629790676844
6.68967787674679
6.69305830390417
6.69643917669798
6.69982048816192
6.70320222433101
6.70658443191848
6.70996708259837
6.71335017772983
6.71673370996016
6.72011772710366
6.72350218953752
6.72688709544477
6.73027245346723
6.73365828608455
6.73704456352516
6.74043127633501
6.74381845546426
6.74720609940336
6.75059419446685
6.75398273250005
6.75737175125726
6.76076122496366
6.76415114851307
6.76754151646188
6.77093236351917
6.77432365102165
6.77771538127708
6.78110755705269
6.7845002044993
6.7878932926265
6.79128681650529
6.79468079973939
6.79807524447268
6.80147013457969
6.80486545835925
6.80826125111338
6.81165749824317
6.8150541933917
6.81845133009486
6.82184894831724
6.82524701891864
6.82864554103401
6.83204451591869
6.83544397874841
6.83884389666019
6.84224426375451
6.84564510191362
6.84904642032988
6.85244820032065
6.85585042900346
6.85925314285612
6.86265633618713
6.86605999701836
6.86946411569031
6.87286873535142
6.87627383424188
6.87967940445227
6.88308544608293
6.88649200001895
6.8898990306143
6.89330653335147
6.89671452489359
6.90012302633511
6.90353201111808
6.90694146794601
6.9103514272476
6.91376188699282
6.91717283509864
6.92058425485633
6.92399618278744
6.92740860501231
6.93082151523091
6.93423490159929
6.93764881056036
6.94106321179106
6.9444781002706
6.94789348316472
6.9513093954154
6.95472581025991
6.95814271086389
6.96156012938111
6.96497807101933
6.96839652335984
6.97181546274781
6.97523493177929
6.97865491833452
6.9820754144432
6.98549639907942
6.9889179211726
6.99233995391399
6.99576248883188
6.99918551820926
7.00260908361106
7.0060331522436
7.00945770038387
7.01288274709934
7.0163083123072
7.01973437975294
7.02316091542971
7.0265879624438
7.03001551890557
7.03344357607299
7.03687209710166
7.04030114027157
7.04373068705696
7.04716072691885
7.0505912374926
7.05402228265825
7.05745383198531
7.06088586694633
7.06431839457121
7.06775145949773
7.0711850371962
7.07461909408444
7.07805367296199
7.08148878974393
7.08492442809205
7.08836054886368
7.09179721694272
7.0952344210074
7.09867214770235
7.10211036765409
7.10554915560139
7.1089884779743
7.11242832111079
7.11586868309437
7.11930961893467
7.12275110198181
7.12619310365052
7.12963565848137
7.13307878897166
7.13652248111856
7.13996669049843
7.14341148043375
7.14685684579036
7.15030277545325
7.15374922996059
7.15719628800869
7.16064391876331
7.16409210903153
7.16754084106014
7.17099018332378
7.17444009710555
7.17789055406063
7.18134157614696
7.18479319675737
7.18824539178069
7.1916981140704
7.19515142081967
7.19860531684521
7.20205978780515
7.20551478699298
7.20897041750151
7.21242666119436
7.21588350488295
7.21934089304141
7.22279890712018
7.22625751220111
7.22971668226547
7.23317642675418
7.23663679588662
7.2400977652882
7.24355928973237
7.2470214166712
7.25048416205161
7.25394750775715
7.25741140464064
7.26087592529144
7.2643410570352
7.26780678352489
7.27127306821094
7.27473999272838
7.27820752490865
7.28167564513514
7.28514435151593
7.28861370235849
7.29208366876261
7.29555421389148
7.29902537625845
7.30249717558881
7.3059695986136
7.3094425999635
7.31291624750227
7.31639053176255
7.31986544327983
7.32334094829765
7.32681713074684
7.3302939576834
7.3337714159668
7.33724949780601
7.34072826408665
7.34420768129225
7.34768771891907
7.35116841265479
7.35464978371191
7.35813181489791
7.36161446319642
7.36509779461775
7.36858180121353
7.37206647144903
7.3755517640122
7.37903776084483
7.38252442755016
7.3860117565994
7.3894997275338
7.39298841004605
7.396477763958
7.39996776834418
7.40345843834316
7.40694980829451
7.4104418562848
7.41393454096998
7.41742791710123
7.42092198501949
7.42441673332308
7.42791211591113
7.43140821079063
7.43490498784559
7.43840244125721
7.44190053858682
7.44539935550524
7.4488988496867
7.45239900602381
7.45589982412828
7.45940135107505
7.46290356165263
7.46640642096863
7.46990997243494
7.47341422800896
7.47691917607688
7.48042477108493
7.48393108234229
7.48743808932977
7.49094578302759
7.4944541218112
7.49796318434116
7.50147293191642
7.50498335624787
7.50849444255026
7.51200624810792
7.51551874120743
7.51903189171148
7.52254572854298
7.52606027219425
7.52957550932032
7.53309139227071
7.53660798116278
7.54012526750615
7.54364324513886
7.54716186631276
7.55068121097085
7.55420124468006
7.55772196153693
7.56124333341842
7.56476542809994
7.56828821071952
7.57181165655032
7.57533577672843
7.57886060288446
7.58238611755772
7.58591227612299
7.58943912770629
7.59296667304125
7.59649490290422
7.60002376665252
7.60355335752629
7.60708364916402
7.61061463706722
7.61414625710085
7.61767857731584
7.62121157277783
7.62474524946896
7.62827956888813
7.63181457305145
7.63535024258784
7.6388865377848
7.64242348743899
7.6459611075359
7.64949939189634
7.65303832316818
7.65657792575867
7.66011819172751
7.66365911561494
7.66720065124403
7.67074286699978
7.67428575170122
7.67782933592404
7.68137366228237
7.68491871866083
7.68846447605102
7.69201092270824
7.69555803667298
7.69910583935747
7.70265432721223
7.70620342847689
7.70975319066289
7.7133036096597
7.71685468550189
7.72040636339585
7.72395870916408
7.72751170023971
7.73106533800232
7.73461958427011
7.73817449811991
7.74173006119793
7.74528625627065
7.74884307726023
7.75240055880888
7.7559586984026
7.7595174529607
7.76307685660857
7.76663691485979
7.77019763450475
7.7737589601103
7.77732095459081
7.78088360132961
7.78444691100669
7.78801083166699
7.79157542852068
7.79514068265565
7.79870658752851
7.80227311625521
7.80584031641642
7.8094081843525
7.81297668437874
7.8165458590305
7.82011575006241
7.82368638378269
7.82725774133911
7.83082981724587
7.83440260087545
7.83797610850831
7.84155029460992
7.84512516315646
7.84870068888014
7.85227687486065
7.85585368006911
7.85943115720451
7.86300929789294
7.86658807904724
7.87016749261694
7.87374756625915
7.87732830748915
7.88090966019366
7.88449165958827
7.8880743064628
7.891657616837
7.8952415270676
7.89882609361894
7.90241130239418
7.90599716501031
7.90958362677071
7.91317074046663
7.91675850261597
7.92034690299795
7.92393591882826
7.92752558297306
7.93111590532864
7.93470684292242
7.93829841037285
7.94189061880267
7.94548348624738
7.94907694953104
7.95267105392404
7.95626579339623
7.95986118596966
7.96345716795087
7.96705378756322
7.97065104425181
7.97424893749557
7.97784742445681
7.98144654268675
7.98504630492501
7.98864667968276
7.99224765782961
7.99584925945751
7.99945150875829
8.00305434750302
8.0066578021516
8.01026187673016
8.01386659666111
8.01747189372222
8.02107780985509
8.02468434653833
8.0282915171779
8.0318992620724
8.03550762269307
8.03911661325553
8.04272621885839
8.04633640939375
8.04994721501096
8.05355866184991
8.05717070226271
8.06078334677886
8.0643966088505
8.06801051925964
8.07162501072157
8.07524011754179
8.07885584674522
8.08247222234883
8.08608917595881
8.08970674566791
8.09332494875116
8.09694378437296
8.10056320441621
8.10418324263206
8.10780392498818
8.11142521700799
8.11504710519382
8.11866960978291
8.12229276558045
8.12591650866893
8.12954085429381
8.13316581438705
8.1367914222733
8.14041760101911
8.14404437861716
8.14767177668329
8.15129980769447
8.15492840441167
8.158557604481
8.16218743790611
8.16581788344633
8.16944890484046
8.17308052985363
8.176712797866
8.18034565194088
8.18397909008088
8.18761313597047
8.19124782978771
8.19488309179122
8.198518943996
8.20215540957856
8.20579251477594
8.20943017881055
8.21306843554486
8.21670731121169
8.2203468032219
8.22398685326741
8.22762749722238
8.23126877297932
8.23491063857105
8.23855307045465
8.24219609744693
8.24583976022335
8.24948398471153
8.25312877573944
8.25677415796545
8.26042016724258
8.26406671719399
8.26771383282691
8.27136154623901
8.27500987195179
8.27865873483582
8.2823081707152
8.28595821956765
8.2896088552355
8.29326003594542
8.29691179691626
8.30056418410847
8.30421713623588
8.30787064502856
8.31152474252543
8.31517947533582
8.31883475602699
8.32249060120559
8.3261470447212
8.32980411650481
8.33346172551576
8.33711990422276
8.34077868979138
8.34443807379883
8.34809799706846
8.35175849473145
8.35541961268491
8.35908129965679
8.36274353498154
8.36640634840714
8.3700697929804
8.37373378543316
8.37739833807639
8.3810634822375
8.38472925893872
8.3883955750582
8.39206246581751
8.39572996330861
8.39939807602969
8.4030667371583
8.40673598259616
8.41040585143365
8.41407630893899
8.41774732741853
8.42141893738981
8.4250911845446
8.42876399663395
8.43243738014934
8.43611135960296
8.4397859746549
8.44346113679748
8.44713687440854
8.45081321165063
8.45449016743834
8.45816766635892
8.46184574433479
8.4655244333072
8.46920371562677
8.47288355117477
8.47656396983074
8.48024501473011
8.48392662820019
8.48760880327162
8.49129156660037
8.49497496322066
8.49865891004616
8.50234342883457
8.50602854736815
8.50971429515031
8.51340058817369
8.51708746350885
8.52077495048947
8.52446304446869
8.52815169470014
8.531840936479
8.53553081025867
8.53922127211705
8.54291230695611
8.54660394512078
8.55029623350329
8.55398909514577
8.55768254533717
8.56137660926131
8.56507132783749
8.56876660962499
8.57246249020824
8.57615899756776
8.57985614442798
8.58355386353202
8.58725219534937
8.59095117292792
8.59465076575408
8.59835094627092
8.60205174452926
8.60575320702284
8.60945526373146
8.61315792198148
8.6168612089161
8.62056516972703
8.62426971532048
8.627974880429
8.63168068962191
8.6353871682036
8.63909423968643
8.64280194904395
8.64651032361883
8.65021935021137
8.65392899178571
8.65763928129856
8.66135025908012
8.66506186869722
8.66877411128879
8.67248701098143
8.67620061326455
8.67991483269814
8.683629700523
8.68734523649671
8.69106147515279
8.69477833213071
8.69849585164183
8.70221405251992
8.70593293713255
8.70965245353418
8.71337263794606
8.71709352433004
8.72081507158034
8.72453727317061
8.72826015308671
8.73198375760058
8.73570801242566
8.73943294134986
8.74315856402527
8.74688492326801
8.75061193470149
8.75433964113789
8.7580680636455
8.76179722041167
8.76552704747295
8.76925758851679
8.77298887199795
8.77672087165663
8.78045356791983
8.78418698991475
8.78792117644601
8.79165609458012
8.79539173104335
8.79912810532302
8.80286525879651
8.80660316799487
8.81034192625548
8.81408157848602
8.81782223464993
8.82156383851317
8.82530641726504
8.82905000004168
8.83279470121596
8.83654032726833
8.84028689488435
8.84403443983765
8.84778300632885
8.85153253676304
8.85528306452861
8.8590346941549
8.86278744163098
8.8665413599987
8.87029649647435
8.87405308532793
8.87781101353601
8.88157020724441
8.88533066411073
8.88909248373388
8.89285544145108
8.89661954930488
8.90038484236011
8.90415148188867
8.90791933704195
8.9116884616441
8.91545902314118
8.91923112429165
8.92300461216958
8.9267795236807
8.93055612778096
8.93433428098019
8.93811387990341
8.94189495011046
8.94567785788052
8.9494623477733
8.9532484002828
8.95703605729057
8.96082579464566
8.96461716194666
8.96841021040492
8.97220511683463
8.97600214893273
8.97980097542555
8.98360161559518
8.98740437380537
8.99120921988333
8.99501586466165
8.99882431728242
9.00263498934294
9.00644761189191
9.01026212986848
9.01407860457996
9.01789769658735
9.02171893055583
9.02554228597522
9.02936789927011
9.03319623618162
9.03702674093662
9.04085945545233
9.04469472124112
9.0485326364912
9.0523727396515
9.05621505662445
9.06006010945222
9.06390783223086
9.06775803963595
9.07161078868497
9.07546680648056
9.07932551519463
9.08318676408611
9.08705064432707
9.09091793333171
9.0947879671949
9.09866070732707
9.10253641903483
9.10641603747576
9.11029888317989
9.11418493903628
9.11807474484143
9.12196851038333
9.12586554571682
9.1297659381387
9.13367066844607
9.13757968893975
9.14149236247279
9.14540864404865
9.14932951307316
9.15325390591972
9.15718152861057
9.16111256611964
9.16504788881811
9.16898697144245
9.1729298409283
9.1768770255906
9.18082970310641
9.18478621142285
9.18874651283441
9.19271113232426
9.19667977516154
9.20065147885412
9.20462625512029
9.20860507396307
9.21258786423491
9.21657393694385
9.22056327379943
9.22455670175284
9.22855340533495
9.23255304515905
9.2365556078031
9.24056241479068
9.24457246446475
9.24858574729257
9.25260259555723
9.25662363362169
9.2606478008749
9.2646750963011
9.26870612603736
9.27274114113568
9.27677967329894
9.28082186174047
9.28486900250534
9.28892026202683
9.29297511375591
9.2970335690941
9.30109720822957
9.30516490904341
9.3092368000582
9.31331346436972
9.31739661801868
9.32148430660485
9.325576481749
9.32967377686184
9.33377677241318
9.33788439432853
9.34199669703671
9.34611490143068
9.35023834236125
9.35436620881595
9.35849849079333
9.36263672278588
9.36677966140292
9.37092699878863
9.37507892163276
9.37923707294147
9.38339961226757
9.38756653566656
9.39173855308903
9.39591654337955
9.40009915829948
9.40428643398618
9.4084796608423
9.41267861984699
9.41688277983495
9.42109251488322
9.42531067196825
9.4295358727605
9.43376753425683
9.43800592156954
9.44225337129111
9.44650683541054
9.45076645097857
9.45503318708233
9.45930895020219
9.46359185927303
9.46788214817223
9.47218190821477
9.47649108253142
9.48080753112882
9.48513120452797
9.48946470423432
9.49380666253061
9.49815604883479
9.50251293877287
9.50688040279754
9.51125545707321
9.51563790088878
9.52002840244223
9.52442936147867
9.52883796496453
9.5332542611211
9.5376796980385
9.54211493194282
9.54655761593856
9.55100784158817
9.55546812520198
9.55993756901841
9.56441486943753
9.56890014489396
9.57339670202381
9.5779020859932
9.5824157120142
9.58693808288058
9.59147277957332
9.59601629920732
9.60056861182135
9.60513119925678
9.60970544663476
9.61428846768475
9.61888037736654
9.62348371893052
9.62809788157591
9.63272103285066
9.63735330484208
9.6419982498566
9.64665381813141
9.6513188414425
9.65599357633706
9.66068206894023
9.66538038013249
9.67008824189958
9.67480657907769
9.67953764403385
9.68427775956554
9.68902687851118
9.69378690823675
9.69855847894337
9.70333893284661
9.70812826420824
9.71292947546874
9.71774097403796
9.72256132770862
9.72739064350551
9.73223246693958
9.73708317381822
9.74194228173324
9.74681034899536
9.75169022818038
9.756578828138
9.76147615234759
9.76638379384068
9.77130331637971
9.77623174020494
9.78116902111089
9.78611759824511
9.79107647824166
9.79604397307175
9.80102014465938
9.806008297477
9.81100558218222
9.81601130842695
9.82102588283647
9.82605260115803
9.8310879016434
9.83613163923167
9.84118487260047
9.84624952201965
9.85132288242857
9.85640504116969
9.86149840130575
9.86660255377519
9.8717154358139
9.87683692549822
9.88196925549606
9.88711086622379
9.89226049877772
9.89741817117223
9.90258680791264
9.90776331498154
9.91294751285898
9.91814016584915
9.92334388606592
9.92855582910949
9.93377609115668
9.93900643966559
9.94424712106797
9.94949576361149
9.95475233460998
9.96001927609578
9.96529556021261
9.9705801665913
9.97587326802284
9.98117803948067
9.9864917004519
9.99181384944461
9.99714507619749
10.002488841871
10.0078412427372
10.0132022296051
10.0185733118175
10.0239557072455
10.0293466923264
10.0347462579828
10.0401567667515
10.0455776751881
10.051007230537
10.0564455058459
10.0618961208107
10.0673566198446
10.0728258209138
10.0783038446635
10.0837938252251
10.0892920473455
10.0947983588478
10.100313772227
10.1058405237321
10.1113758933253
10.1169198625077
10.1224744692249
10.1280394101853
10.1336125638131
10.1391939214278
10.1447863318925
10.150388086235
10.1559978894281
10.1616157473811
10.1672451201644
10.1728831328807
10.1785295128399
10.1841850556186
10.1898526952685
10.1955287136504
10.2012130708239
10.2069073730809
10.2126124029367
10.2183261068283
10.2240485643812
10.2297825626137
10.2355268981929
10.2412797630412
10.2470411146372
10.2528146080315
10.2585973202787
10.26438839463
10.2701881150598
10.27599935809
10.2818184325434
10.2876452880192
10.2934811544805
10.2993275273346
10.3051820506898
10.3110449305892
10.3169188354222
10.3228035947812
10.3286971162628
10.3345993164939
10.3405128763625
10.3464355671123
10.3523664752499
10.3583058353367
10.3642571435723
10.3702171411398
10.3761855888826
10.3821634776981
10.3881528527769
10.3941506127991
10.4001568131994
10.4061735166814
10.412201090501
10.4182372866551
10.4242820543591
10.4303379778147
10.4364034294682
10.4424772981548
10.4485597320709
10.4546543008479
10.4607574689238
10.4668688289495
10.4729890403002
10.479120823568
10.4852610246274
10.4914097062171
10.4975686249318
10.5037386622097
10.5099171079837
10.5161039567284
10.5223017207915
10.5285094919631
10.5347255555867
10.5409499139992
10.5471859055153
10.5534309353361
10.5596843765863
10.5659466920045
10.5722211176586
10.5785040421127
10.5847954006605
10.591096490041
10.5974090965749
10.6037301088931
10.610059530495
10.6163995577831
10.6227500282058
10.6291088545226
10.635476044569
10.6418546575193
10.6482427947861
10.6546393800785
10.6610445922077
10.6674615800635
10.6738868379772
10.680319977523
10.6867617900619
10.6932143579091
10.699674693528
10.7061427521932
10.7126202740557
10.7191072488671
10.7256017748787
10.7321038281258
10.7386156873422
10.7451361567595
10.7516643093266
10.7582003161236
10.7647472121437
10.7713018517085
10.7778638328274
10.7844337305449
10.7910139838539
10.7976016738619
10.804196739658
10.8108005573081
10.8174140133211
10.8240349342309
10.8306633066019
10.837301272816
10.8439481092019
10.8506024514455
10.8572643863001
10.8639370235902
10.8706182279092
10.8773072901203
10.884004602973
10.8907130540587
10.8974294271485
10.9041535660446
10.9108865949968
10.9176301974098
10.9243816243034
10.9311408650188
10.9379098531477
10.9446882939438
10.9514743556371
10.9582680956235
10.9650723022376
10.9718853005731
10.9787060877863
10.9855348685692
10.9923745795025
10.9992218360747
11.0060765554581
11.0129396879575
11.0198134011293
11.0266947627143
11.0335837554367
11.0404820886313
11.0473902495981
11.0543061815574
11.0612299446105
11.0681643265313
11.0751075768765
11.0820584921626
11.0890171852308
11.0959868955047
11.1029645797719
11.1099498907102
11.1169435040202
11.1239479838503
11.1309605372564
11.1379812801454
11.1450120367019
11.1520535873617
11.1591035645693
11.1661620967478
11.1732323599985
11.1803130621735
11.1874024235211
11.1945004558617
11.2016105831436
11.2087299416299
11.2158579552732
11.222995254946
11.2301451361462
11.2373038378541
11.2444712907803
11.2516489255614
11.2588382797698
11.2660363816286
11.2732432662716
11.280461461311
11.2876902696526
11.2949277852679
11.3021740717807
11.3094329055597
11.3167015253338
11.3239788729484
11.331265248535
11.338564088802
11.3458716272647
11.3531876589033
11.3605133415168
11.3678508252415
11.3751969323683
11.3825516279571
11.3899168927182
11.3972923705546
11.4046759871625
11.4120678121547
11.4194709151199
11.4268833309423
11.434303988499
11.4417330727163
11.4491737487731
11.4566226710955
11.4640796162899
11.4715454805724
11.4790222827946
11.4865067948177
11.4939990020702
11.5015005941125
11.5090119768118
11.5165308768574
11.5240573166088
11.5315938927648
11.5391394292729
11.546692621959
11.5542535396142
11.5618251929684
11.5694048381812
11.5769920182062
11.5845872687999
11.5921928215062
11.5998056960275
11.6074258351308
11.6150545867827
11.6226928947469
11.6303383014664
11.6379908158178
11.6456526386232
11.6533232920511
11.661001193378
11.6686863782499
11.6763817404399
11.6840848910161
11.6917951853616
11.6995129951821
11.7072412499105
11.7149768661738
11.7227198659382
11.7304715419727
11.7382336772514
11.7460031848387
11.7537800101642
11.7615658757381
11.7693609291207
11.7771633394495
11.7849732169875
11.7927933564847
11.8006221700343
11.8084585493516
11.8163026495041
11.8241577321444
11.832020501337
11.8398907121569
11.8477691281187
11.8556576229871
11.8635532452469
11.8714560720603
11.8793677466299
11.8872885613332
11.8952162185681
11.9031507380695
11.911094476323
11.9190468159356
11.9270064409544
11.9349734193812
11.9429507812722
11.9509356652398
11.9589275381433
11.966926840061
11.9749358829423
11.9829518811293
11.9909748464523
11.9990060621818
12.0070466278348
12.0150943412558
12.023149238118
12.0312134028041
12.0392861862297
12.047366008146
12.0554528707591
12.0635491835503
12.0716528546046
12.0797632726026
12.0878807583522
12.0960085152707
12.1041436637366
12.1122860777249
12.1204367569381
12.1285975050541
12.136765413385
12.1449404442683
12.1531243001342
12.161316944233
12.1695165265481
12.1777231800756
12.1859397732747
12.1941647236367
12.2023970018428
12.2106367705956
12.2188873970781
12.227145531006
12.2354108815152
12.2436841285071
12.2519676206959
12.2602582550321
12.2685559175206
12.2768619233796
12.2851767556156
12.2934986108756
12.3018275546471
12.3101658036335
12.3185119499403
12.3268646357785
12.3352238741242
12.3435921026919
12.3519670473876
12.3603484146309
12.3687366737498
12.3771343279545
12.3855384684525
12.3939489585637
12.4023666816714
12.4107925434454
12.4192245950109
12.4276629700107
12.4361095558732
12.4445638518621
12.4530244189217
12.4614913838726
12.4699674086758
12.4784506103867
12.4869400641301
12.4954359006512
12.5039409237066
12.5124523887446
12.5209702031316
12.5294952350124
12.5380293507417
12.5465698521181
12.5551167604796
12.5636715822189
12.5722348573263
12.5808049062282
12.589381783086
12.5979677242243
12.6065612907332
12.6151614023816
12.6237681236631
12.6323840065855
12.6410065947868
12.6496357171657
12.6582719970107
12.6669177150826
12.6755699754069
12.6842288378105
12.6928956462018
12.7015710850315
12.7102528513529
12.7189409907742
12.7276376318656
12.7363419949948
12.7450529526812
12.7537705973412
12.7624974316877
12.7712311376613
12.7799711695034
12.7887177960401
12.7974733820756
12.8062353328569
12.8150036450751
12.8237793523007
12.8325637326124
12.8413545863359
12.8501520824596
12.8589582434483
12.867772755306
12.8765938671064
12.8854215609833
12.8942581071193
12.9031014696828
12.9119510550407
12.920807118308
12.929672518405
12.938544623301
12.9474232718541
12.9563092742399
12.9652041211907
12.974105063026
12.9830120437597
12.9919263372792
13.0008478529128
13.00977511486
13.0187082879179
13.0276496220106
13.0365980532789
13.0455527241272
13.0545137893175
13.0634840270989
13.0724603658016
13.081442487166
13.0904307884375
13.0994267377965
13.1084280965749
13.1174348663994
13.1264480499247
13.1354680211318
13.1444934395153
13.1535245682033
13.1625636848333
13.1716099921977
13.1806622390526
13.1897203951068
13.1987863485044
13.2078577144738
13.2169343525357
13.2260167047874
13.2351067963534
13.2442023717217
13.253303504773
13.2624112297072
13.2715259642877
13.2806458624387
13.2897710331685
13.2989031024171
13.3080418222568
13.3171860436856
13.3263357891835
13.3354927695212
13.3446552605513
13.3538228051173
13.3629955540558
13.372175288093
13.3813599180534
13.3905495324192
13.3997449073644
13.4089475369408
13.4181553917478
13.4273686290313
13.436588716806
13.4458154663604
13.455047353624
13.4642844131864
13.4735284081841
13.4827779841947
13.4920326073675
13.5012924455354
13.510559740334
13.5198322325157
13.5291098475551
13.5383931009158
13.5476833823517
13.5569785523251
13.566278679687
13.5755848095011
13.584897313472
13.5942147527792
13.6035371788652
13.6128660581081
13.6222005590451
13.6315399585299
13.6408843670037
13.6502357846033
13.6595924664423
13.6689541337739
13.6783210758808
13.68769518243
13.6970739732858
13.7064574889799
13.7158465401301
13.7252416840318
13.7346415416411
13.7440462033758
13.753457050124
13.7628736739937
13.7722951846474
13.7817216453734
13.7911547200425
13.8005930520774
13.8100362394437
13.8194844613683
13.8289398809562
13.8384001263855
13.8478651991528
13.8573357264987
13.866812796033
13.8762947711275
13.8857817199078
13.8952748709148
13.9047741633227
13.9142783905835
13.9237876231282
13.9333035820334
13.942825260492
13.9523519675962
13.9618837649832
13.9714229580471
13.9809673535698
13.9905167667434
14.0000716039113
14.0096332086088
14.0191994436056
14.028770289449
14.0383466019135
14.0479286418497
14.0575151323157
14.0671060998859
14.0767028841307
14.0863048616305
14.0959113826236
14.105522530917
14.1151401766727
14.1247625979082
14.1343895795874
14.1440214270075
14.1536597788044
14.1633025323215
14.1729498139376
14.1826025058416
14.1922612873249
14.2019246074211
14.2115924910848
14.2212661510062
14.2309451626446
14.2406287514576
14.2503170187261
14.2600118058565
14.2697117083126
14.2794163533456
14.289125909859
14.2988423427452
14.3085635387971
14.3182894880468
14.3280207942201
14.3377584177205
14.3475006070451
14.3572474039611
14.3669999251006
14.3767581667458
14.386521078907
14.3962887335457
14.4060627747773
14.4158422534036
14.4256267038346
14.4354162644525
14.4452130890885
14.4550149731087
14.4648218395354
14.4746341983562
14.4844535057533
14.4942777301179
14.5041068818174
14.5139419250421
14.5237833371576
14.533629783781
14.5434813340547
14.5533395674477
14.5632034950816
14.5730723443913
14.5829461649611
14.592826938642
14.6027130111236
14.6126040995306
14.6225005225718
14.6324039604598
14.6423124177706
14.6522259823434
14.662145595886
14.6720720565867
14.6820036486401
14.6919404830162
14.7018842258718
14.7118343730972
14.7217900052403
14.7317512376581
14.7417202850772
14.7516953394204
14.7616759310107
14.7716622346415
14.7816567858793
14.7916569775857
14.8016627472143
14.8116747643719
14.8216943002696
14.8317194919551
14.8417503597317
14.8517881896559
14.8618327744491
14.8718827884443
14.8819382793317
14.8920011988238
14.902070047056
14.9121442218595
14.9222238170598
14.9323115224878
14.9424048886551
14.952503804102
14.9626088081903
14.9727216774264
14.9828400230875
14.9929638988487
15.0030945199653
15.0132321662413
15.0233753083237
15.0335239983518
15.0436799793792
15.0538423984691
15.0640103981627
15.0741840502559
15.0843657820527
15.0945534773325
15.1047467716169
15.114945931654
15.1251527413634
15.1353649037392
15.145582516903
15.1558065632398
15.1660381734402
15.1762753616021
15.1865181231535
15.1967679498979
15.2070244639459
15.2172866321754
15.2275544990809
15.2378300469075
15.2481118841232
15.2583993992649
15.2686926817964
15.278994156314
15.2893014036083
15.2996144211761
15.3099339721665
15.320261342419
15.3305944092633
15.3409331585181
15.3512788916372
15.3616313053833
15.3719891354117
15.3823524714915
15.3927235194646
15.4031009068429
15.4134839238219
15.4238726200193
15.4342693362915
15.4446717381413
15.455079760879
15.4654939224665
15.4759159579855
15.4863435183034
15.4967765701354
15.5072161092859
15.517662455126
15.5281140773203
15.5385710065308
15.5490349344449
15.5595049994974
15.5699803020918
15.5804608446713
15.5909486438594
15.6014417861098
15.6119399056534
15.6224431468677
15.6329532865726
15.6434683276911
15.6539882633492
15.664513802754
15.6750454454645
15.6855816605004
15.696122477262
15.7066691692099
15.7172213193127
15.7277779428216
15.7383390315186
15.7489062052199
15.7594782617237
15.7700547750737
15.780635838748
15.7912232310094
15.8018149416449
15.8124110240768
15.8230120479023
15.8336189690932
15.8442303806423
15.854846350941
15.8654679689872
15.8760952135435
15.886726785556
15.8973625966111
15.9080038661733
15.9186497883723
15.9293000358295
15.9399547179319
15.9506155610481
15.9612809914524
15.9719508063117
15.9826252665019
15.993305740818
16.0039903757445
16.0146792092001
16.0253730551701
16.036072390738
16.0467759563119
16.057483689284
16.068196587965
16.0789141213171
16.0896357127793
16.1003613732054
16.1110923767073
16.1218275942365
16.1325668108877
16.1433101781811
16.1540591572669
16.1648121476976
16.1755691932702
16.1863308929129
16.1970978630062
16.2078689285534
16.2186440770754
16.2294242361
16.2402095170368
16.2509990015227
16.2617926441946
16.2725917054905
16.2833952039813
16.2942025938324
16.30501382637
16.3158304502117
16.3266509452658
16.3374752890992
16.3483038661513
16.3591374109868
16.3699748874794
16.3808163421115
16.3916626085109
16.4025142287172
16.4133699429802
16.4242297104277
16.4350948046531
16.4459647662719
16.4568388889077
16.4677171881395
16.478601424894
16.489490161191
16.5003830793714
16.5112802808638
16.5221833730145
16.5330907875023
16.544002496399
16.5549191070833
16.5658408424778
16.5767665936234
16.5876964177074
16.5986315858567
16.6095721446518
16.6205172432985
16.6314668521478
16.6424222231809
16.6533821853746
16.6643461896463
16.6753142059271
16.6862877009979
16.6972653205919
16.7082470471147
16.7192333410495
16.7302249724817
16.7412204741762
16.7522197999975
16.7632237608125
16.7742328386774
16.785246223563
16.7962639041279
16.8072870477899
16.8183146628156
16.8293462231587
16.8403817207922
16.8514225563228
16.8624674538089
16.8735163002134
16.8845693939787
16.8956277329825
16.9066899135984
16.9177559173625
16.9288264128512
16.9399015961823
16.9509804348123
16.9620628637711
16.9731497679325
16.9842411267019
16.9953363359307
17.0064353622776
17.0175393264349
17.028647323322
17.0397590695976
17.0508746501543
17.0619954750178
17.0731200703504
17.0842483805235
17.0953808696516
17.1065179387407
17.1176584920122
17.1288024351315
17.1399504135284
17.1511023014825
17.162257525368
17.1734160755447
17.1845791847022
17.1957461077471
17.2069166512754
17.2180909126044
17.2292702209816
17.2404529312876
17.2516390678084
17.2628290556653
17.2740238343119
17.2852223028045
17.2964243909209
17.3076306722257
17.3188411167347
17.3300550796384
17.3412725623
17.3524946628005
17.3637205716936
17.3749498272012
17.3861823807886
17.3974192381011
17.4086595216321
17.4199030827757
17.4311501017288
17.4424013497486
17.4536559031058
17.4649136606281
17.4761749443692
17.4874399424911
17.4987080843634
17.5099793453049
17.5212544398807
17.5325332162142
17.5438152414406
17.5551004948702
17.5663898954378
17.5776824160254
17.5889777479539
17.6002758309359
17.6115775534645
17.6228818979079
17.6341888068545
17.6454985325972
17.6568113830093
17.6681270180307
17.6794454798469
17.6907675176621
17.7020931082854
17.7134217239978
17.7247533313987
17.7360888828838
17.7474276087577
17.7587692585739
17.7701138258129
17.7814623182816
17.7928138070632
17.8041683044856
17.8155261431238
17.8268877786085
17.8382528598585
17.8496215487104
17.8609948783945
17.8723727358475
17.8837541240008
17.8951389272763
17.9065280436633
17.9179211821564
17.9293176867895
17.9407173789883
17.9521208652968
17.9635274696128
17.9749370986666
17.9863498962386
17.9977670813638
18.0091875306246
18.0206111716461
18.0320383648438
18.0434696389211
18.0549041287539
18.0663418134411
18.0777837492802
18.089229207858
18.1006776984253
18.1121291673042
18.1235844993514
18.1350427884198
18.1465038849545
18.1579678684941
18.1694354660733
18.1809060148169
18.1923795727317
18.2038566009477
18.2153373812983
18.2268211934186
18.2383079731727
18.2497981656694
18.261291619849
18.2727879293823
18.2842870705138
18.2957899211064
18.307296029683
18.3188049598056
18.3303165994385
18.3418322817839
18.3533511961642
18.3648732773794
18.3763987655514
18.3879283221237
18.3994608837585
18.4109964192318
18.4225355315578
18.4340781480796
18.4456238218746
18.4571725003956
18.4687247198615
18.4802800230428
18.4918381554139
18.5033990988761
18.5149637655266
18.5265315505337
18.5381025667403
18.5496772457123
18.5612564684768
18.5728386810834
18.5844238679907
18.596012610279
18.6076046773
18.6191994782548
18.6307969231442
18.6423973524452
18.6540006264157
18.6656065524582
18.6772151404661
18.6888274088875
18.700442797204
18.7120611950632
18.7236826968493
18.7353081246354
18.7469363205275
18.7585671200709
18.7702006144226
18.78183700885
18.7934758604477
18.8051171691812
18.8167614397292
18.8284083770827
18.8400576408591
18.8517091778201
18.8633635033638
18.8750205170009
18.8866801116294
18.8983423301161
18.9100079873331
18.9216766550496
18.9333481959365
18.9450227147409
18.956700706721
18.9683813742346
18.9800645455388
18.9917502735128
19.0034385510736
19.0151287773532
19.026820859875
19.0385152605982
19.0502119342478
19.061910710914
19.0736115825836
19.0853150646612
19.0970205576128
19.1087281396138
19.1204379792809
19.1321510341764
19.1438665779656
19.155584589296
19.1673053690241
19.1790291305222
19.1907551960581
19.2024834972091
19.2142144637214
19.2259480931285
19.2376840679078
19.2494223197271
19.2611631497817
19.2729060823161
19.2846510974339
19.2963982604386
19.308148002893
19.3198999506132
19.3316540841586
19.3434105855112
19.3551695198103
19.3669306429895
19.3786940698949
19.3904604886555
19.4022296151772
19.4140010580959
19.425774776508
19.4375513091864
19.4493301983737
