0.000140947686327739
0.000628426878084896
0.00144936764437315
0.00255921742596249
0.00395225135982231
0.00559557850691017
0.00752916250863771
0.00978352618089832
0.0123365176739882
0.0152071910451629
0.0183881604553307
0.0218634907206318
0.0255889380256663
0.0295326609476802
0.033677647471619
0.0380442354565647
0.042628438125617
0.047418687707305
0.0524435394410168
0.0578379935920533
0.0636884860093781
0.0701143875407206
0.0772128443509378
0.0850712597976308
0.0937623900925469
0.103397398293435
0.114014587577739
0.12566089600691
0.138395388931392
0.152272096206811
0.167313655061698
0.183573118963475
0.201079105064166
0.219903965692251
0.240053072996051
0.261540108409427
0.284351003824038
0.308612335399803
0.334406751267275
0.361782490919299
0.390763628004689
0.421343321456071
0.453515942237167
0.487309156637463
0.522784781808983
0.559986947433366
0.598907588731491
0.639513603941264
0.681813128250247
0.725835510368954
0.771490933158934
0.818783361211747
0.867703554496545
0.918257187471619
0.970396413252715
1.02410165085637
1.07939716343164
1.13631948961624
1.194760169019
1.25469897804418
1.31611763396471
1.3790455531503
1.44340470123026
1.50917085146224
1.57637255693608
1.64503180252591
1.71506092459403
1.78643696954714
1.85913113996051
1.93317429725938
2.00846696168559
2.08498078335884
2.16276090414857
2.24173668156836
2.32181053707305
2.40285477896224
2.48479517053554
2.56761091762586
2.65123762371915
2.73553878589462
2.82037236741239
2.90564817137216
2.99132041110439
3.07731403332305
3.16354871978282
3.25001859179294
3.33672808456441
3.42367385757157
3.51088189031836
3.59831546833045
3.68599456798618
3.77394446848963
3.86220864181022
3.9508071684847
4.03974385249506
4.12901502661649
4.21865476647335
4.30870423715696
4.39916487521965
4.49007229879072
4.58142301207675
4.67320622201012
4.76538890175962
4.85787909418806
4.95062240294052
5.04357875885982
5.13675748583662
5.23016013422384
5.32377085511352
5.41759559288376
5.51165687880059
5.60596506002591
5.70058108467177
5.79553168970385
5.89082996123026
5.98647855138203
6.08243422352789
6.17860098237043
6.27497064676703
6.37155008701505
6.46829909558983
6.56516595386229
6.66213668090326
6.75919246179418
6.85629550835884
6.95343915071199
7.05065597806269
7.14796305422384
7.24535901856861
7.34284535041091
7.44042679898569
7.53808823364388
7.63584332778011
7.73372034674852
7.83173119110809
7.9298491821804
8.02807168715696
8.12640665527394
8.22483407145607
8.32331265417078
8.42182585376357
8.52037058970632
8.6189660507811
8.71762254589462
8.81635256116856
8.91512785380553
9.01392062430898
9.11273271423618
9.21156678472359
9.31041820808243
9.40928587296397
9.50816993122285
9.60707323188672
9.70600937536032
9.80498956911032
9.90401194603652
10.0030588494299
10.1021277845706
10.2012146131392
10.3003214810945
10.3994458924729
10.4985906482293
10.5977502204961
10.696924649061
10.7961195941621
10.8953383692312
10.9945766867559
11.0938399117251
11.1931296798137
11.2924424008749
11.3917714861143
11.4911151984205
11.5904739853307
11.6898477918411
11.7892364515795
11.8886399719163
11.9880590723063
12.0874936317473
12.1869436549099
12.2864091899531
12.3858907830244
12.4853882150432
12.584901392421
12.6844305126542
12.7839757035748
12.8835376259859
12.9831166251802
13.0827115132885
13.1823226661093
13.2819496295348
13.3815921922865
13.4812501925
13.580924776445
13.6806198498149
13.7803373462525
13.8800744361784
13.9798285326728
14.0795984718892
14.1793841260612
14.2791856445965
14.3790032995693
14.4788365041029
14.578685498096
14.6785569042041
14.778445892363
14.8783509380392
14.9782742126987
15.0782185021779
15.1781812896434
15.2781622235711
15.3781601333169
15.4781755179307
15.5782122604763
15.6782682883354
15.7783418585242
15.8784357208551
15.9785518565647
16.0786929734316
16.1788547951098
16.2790373565967
16.3792497613857
16.4795248476357
16.5799043749149
16.6804430944978
16.7811491621496
16.8820509886895
16.9831768274704
17.0845692887636
17.1862768221064
17.288338252131
17.3907734041831
17.4936013185489
17.5968456842374
17.700569057384
17.8048281303591
17.9096599444472
18.0150747207774
18.1210772694398
18.2276348115647
18.3347743310945
18.4425091741301
18.5508404018028
18.6597188832194
18.7691580049149
18.8791510167263
18.9897149731194
19.100838383829
19.2125356944608
19.3248288901518
19.4377277734909
19.5512457659304
19.6653885229948
19.7801410238043
19.8954771682823
20.0113824010674
20.1278837539215
20.2449307179418
20.3625097076172
20.4805831567522
20.5991602976333
20.7183229494126
20.8380693079936
20.9583728543559
21.0792508627912
21.2006738184884
21.322639334905
21.445081986941
21.5679646437154
21.691241257616
21.8149709801715
21.9391470784094
22.0637419856849
22.1887487317288
22.3142030299112
22.4401013200876
22.5664172216708
22.6932031662796
22.8204930470817
22.9482988551555
23.0766692231491
23.2056317388672
23.3351511250543
23.4651589075617
23.5956159263253
23.7265275060489
23.8579107611044
23.9897309226172
24.1219405873754
24.2545158143719
24.3874381515832
24.5206805493608
24.6542675025839
24.7882510035217
24.9226707890276
15.0574622517892
15.1925844949038
15.3280053627147
15.4637519696101
15.5998412788129
15.7363237529529
15.8731718335563
16.010424090464
16.1481156032453
16.2862529650876
16.424775475638
16.5636628894743
16.7029145529479
16.8425134738401
16.9824838364277
17.1228295779455
17.2635440376579
17.404673765285
17.5461704930392
17.6879959840795
17.8301783740375
17.9727082398334
18.1155935857009
18.2588349150518
18.4024044533156
18.5463107021039
18.6905227461463
18.8350398703727
18.9799053383354
19.125127430401
19.2706897764598
19.4165816808317
19.5627690614906
19.7092348378443
19.8559586676851
6.00059357193657
6.03005860103085
6.05958217204566
6.08916626475592
6.11880405855207
6.14849066592078
6.17822873540054
6.20802017226925
6.23785763227813
6.26773881277394
6.29765820650395
6.32761976312414
6.35763248136871
6.38769849147014
6.41782053174704
6.44799265128381
6.47822078664043
6.50849955017596
6.53883143578529
6.56921686220656
6.59965315320311
6.6301508264958
6.66071263675345
6.69134246972582
6.72204215741387
6.75280739879492
6.78363779280849
6.81452927032058
6.84547121490893
6.87646102571816
6.90749574099334
6.93857435321989
6.96971374903652
7.00091569101259
7.03217622140622
7.06350188863154
7.09488709587216
7.12632412125815
7.15781211885563
7.18935136646274
7.22093574699877
7.25256081152048
7.2842272918845
7.31593504259526
7.34768947804862
7.37949688862907
7.41135782649704
7.44326507798149
7.47521522356762
7.50719928262315
7.53921589314413
7.57126844400765
7.60335248846964
7.63546481059625
7.66760117245163
7.69975497518435
7.73192419405158
7.76410513894373
7.79629729757009
7.82850039726703
7.86071341141313
7.89293581609526
7.92516767770311
7.95740930170114
7.98966061973741
8.02192231660094
8.05419469229195
8.08648377691486
8.11878765646619
8.15110112359428
8.18342393098544
8.21575818136525
8.2481029650849
8.28045769561871
8.31282214183194
8.34519708670829
8.37758323484502
8.40997878360982
8.4423841587157
8.47480167059847
8.50722939465943
8.53966675155429
8.57211534083613
8.60457956603924
8.63706502913993
8.66957089392621
8.70209453843657
8.73463342359822
8.76718808909205
8.79975917751974
8.83234739315844
8.86495675161649
8.8975793153307
8.93021444433465
8.96286043854738
8.99551811705109
9.02818808814462
9.06086875799309
9.09356013239882
9.12626243936624
9.15897546343707
9.19170035395731
9.22443615021249
9.25718380510587
9.28994453873248
9.3227170928502
9.35550055182996
9.38829628321816
9.42110399521372
9.45392299501728
9.4867553925153
9.5196037872347
9.55247030822779
9.58535806122804
9.61826577001086
9.65119065894546
9.68412798161846
9.71707715540819
9.75003858215721
9.78301494541634
9.81600666078085
9.84901753038672
9.88204621947261
9.91508905579714
9.9481464603882
9.98121672391362
10.0142996953541
10.047397564827
10.0805121786056
10.1136400993295
10.1467816888124
10.1799381843401
10.2131089468815
10.2462945418909
10.27949795379
10.3127189794144
10.3459548839423
10.3792053968976
10.4124707131804
10.4457512578364
10.4790499519667
10.5123652783791
10.5456964203751
10.5790446478914
10.6124097322011
10.6457915353764
10.6791903307702
10.7126055268255
10.7460368321876
10.779484074426
10.8129473839356
10.8464290338956
10.8799297592196
10.9134506132947
10.9469890914472
10.9805443083961
11.0141158603648
11.0477037015178
11.0813089008852
11.1149321386935
11.1485718224993
11.182227884537
11.2159003494743
11.249589137984
11.2832938428583
11.3170142221979
11.3507504925563
11.3845037447873
11.4182735168016
11.4520583524232
11.4858582351942
11.519673396388
11.5535040663462
11.5873498218482
11.6212101993149
11.6550851936839
11.6889745522762
11.7228782054405
11.7567962778369
11.7907288068265
11.8246756418847
11.8586367343087
11.8926122094595
11.9266020134975
11.9606058387421
11.9946235311752
12.0286552203682
12.0627029382688
12.0967655747574
12.130842028346
12.1649325772942
12.1990372609494
12.2331557567238
12.2672879688053
12.3014342345059
12.335594590792
12.3697687305457
12.4039568388033
12.4381589935888
12.4723749600168
12.5066048110417
12.540848582869
12.5751071447912
12.6093801687196
12.6436670122053
12.6779677221977
12.7122849221389
12.7466230286113
12.7809816784891
12.8153580265523
12.849749613423
12.884157817134
12.9185821115526
12.9530214885605
12.9874762545738
13.0219466095062
13.056432438791
13.0909336132177
13.1254504257915
13.1599836387046
13.1945325305437
13.2290968923825
13.2636769562653
13.2982727998374
13.3328841928951
13.3675109847838
13.4021532618941
13.4368111135856
13.4714844337552
13.506173130635
13.5408774926962
13.5755977608991
13.6103339226481
13.6450859567377
13.6798541315459
13.7146387461246
13.7494397554536
13.7842571334326
13.8190912036686
13.8539421608759
13.8888098692438
13.9236941914188
13.9585952996651
13.9935133335644
14.0284481463633
14.0633999916688
14.0983693211498
14.1333556321451
14.168358848598
14.2033797917865
14.2384176179097
14.2734724883438
14.3085449090057
14.3436352022591
14.378742159037
14.413865715114
14.4490058882952
14.4841630142937
14.5193363762771
14.5545260051972
14.5897318350642
14.6249539933934
14.6601934629862
14.6954515875935
14.7307272179763
14.7660193481809
14.8013281855015
14.8366537403082
14.8719959510229
14.9073546902544
14.9427301304837
14.9781222314321
15.0135312367804
15.0489566080656
15.0843989471323
15.1198581387962
15.1553339433549
15.1908263661816
15.2263357728085
15.2618621517752
15.297405344749
15.3329653632221
15.3685425207122
15.4041368853917
15.4397486733717
15.4753778898448
15.5110246753223
15.5466890726997
15.582371045883
15.618070685349
15.6537885374588
15.689525269211
15.7252801996096
15.7610535023954
15.7968445646925
15.8326532439324
15.8684792155005
15.9043222798611
15.9401825542248
15.9760600084911
16.0119545213702
16.0478659812609
16.0837945083803
16.1197399540118
16.1557020151419
16.1916805690387
16.2276765578218
16.2636893920462
16.2997210137715
16.3357711749339
16.3718377836508
16.4079208375531
16.4440200942103
16.4801353151653
16.5162666104225
16.552413951769
16.5885770704237
16.6247557431883
16.6609501358798
16.6971602083154
16.7333857009593
16.7696265183366
16.8058828938862
16.8421548619632
16.8784427815587
16.9147468608838
16.9510667174743
16.9874035466742
17.0237583187771
17.0601289784593
17.0965152828198
17.1329173156387
17.1693349477971
17.2057680507991
17.242216827482
17.2786812085545
17.3151609148788
17.3516558561737
17.3881662772231
17.4246921166609
17.4612331101594
17.4977891400686
17.5343604874257
17.5709481025163
17.6075511801587
17.6441694594469
17.6808032141769
17.7174524678773
17.7541168790859
17.7907961725916
17.8274904391397
17.8641995060195
17.900923161767
17.9376617076449
17.9744160568406
18.0111853805859
18.0479694310183
18.0847683000168
18.121582331349
18.1584115742868
18.1952558549576
18.2321151131678
18.2689896082004
18.3058793849872
18.3427843871681
18.3797045841824
18.4166403048778
18.4535914921259
18.4905579189716
18.5275394723388
18.5645362335442
18.6015481986737
18.6385752024625
18.6756177525592
18.7126778481579
18.7497561064232
18.7868523039988
18.8239653585084
18.8610958091562
18.898243060253
18.9354086257295
18.9725911288253
19.0097902912673
19.0470061260765
19.0842383086454
19.1214866498312
19.1587514800121
19.1960328442406
19.2333305260395
19.2706443942201
19.3079752644188
19.3453234852734
19.382688457097
19.420069479208
19.4574666387142
19.4948797985114
19.5323099374395
19.5697564334099
19.6072190746165
19.6446982674817
19.6821936775948
19.7197042396663
19.7572298309255
19.7947701838645
19.8323250480331
19.8698943050866
19.9074780928206
19.9450762585652
19.9826887210025
1.43002254462021
1.43271132390595
1.43540113928749
1.43809195826539
1.44078377711626
1.44347661632636
1.44617045942281
1.44886528770334
1.45156109601883
1.45425790604222
1.45695570414002
1.45965448268643
1.46235423951456
1.46505499266429
1.46775673292208
1.47045957189171
1.47316387658996
1.47586975021344
1.47857688663291
1.48128511670561
1.48399471932414
1.48670577694322
1.4894179684141
1.49213125960404
1.49484565627965
1.49756133520864
1.5002783174658
1.50299699423031
1.50571771443747
1.5084414386492
1.5111697311381
1.51390243057756
1.51664004303589
1.51938327661442
1.52213293226996
1.52489025020225
1.52765515273759
1.53042829306818
1.53321024277565
1.53600116502152
1.53880124684253
1.54161031124554
1.5444289255296
1.54725869305877
1.55009954205641
1.55295072696601
1.55581263736196
1.55868498586363
1.56156746071169
1.56446061538771
1.56736523212285
1.57028080032272
1.57320762330484
1.5761440628925
1.57908948800204
1.58204468908449
1.58500958931808
1.58798458247537
1.59096995673775
1.59396522836467
1.59697082146982
1.59998600506838
1.60300922787821
1.60604001989698
1.60907853219819
1.61212495933409
1.61517923221427
1.61824094569537
1.62130961838843
1.62438451364319
1.62746602914213
1.63055414964587
1.63364865988979
1.6367502378508
1.63985927740707
1.6429748407105
1.64609680469668
1.64922532801105
1.65236026658495
1.65550116593783
1.6586481287918
1.661801085944
1.66495939953095
1.66812203749009
1.67128867126939
1.67445916595357
1.67763356371529
1.68081185847788
1.6839934918682
1.68717805647703
1.69036514351463
1.6935550784478
1.69674730578815
1.69994137733587
1.70313786959181
1.70633711523449
1.70953874023533
1.71274227210101
1.71594760802295
1.71915442530112
1.72236275487331
1.72557279613792
1.7287843800473
1.73199743236296
1.73521201385601
1.73842792516503
1.74164527400358
1.74486410754659
1.74808427745267
1.75130575835526
1.75452853376745
1.75775258778577
1.76097791997594
1.76420456883655
1.76743249206808
1.77066166889372
1.77389209700612
1.77712379373389
1.78035675330306
1.78359109529839
1.78682670562851
1.79006355330131
1.79330162956348
1.79654093902898
1.79978150077219
1.80302330762153
1.80626634112662
1.80951057553205
1.81275600542476
1.81600264808601
1.81925049004243
1.82249950778901
1.8257497394508
1.82900117520642
1.8322537738173
1.83550751673473
1.83876240292147
1.84201851216316
1.84527581175055
1.84853423101243
1.85179379514236
1.85505448496771
1.85831629069661
1.86157918379656
1.86484324996296
1.86810854750754
1.87137493606212
1.87464238507636
1.87791089003399
1.88118046100517
1.88445109384322
1.88772277931478
1.89099557988313
1.89426944304266
1.89754437616613
1.90082038605592
1.90409748605858
1.90737570064011
1.91065505178501
1.91393549848086
1.9172170789223
1.92049987857594
1.92378381749695
1.92706883876282
1.93035502409494
1.93364240214979
1.93693088646028
1.94022052643307
1.94351130381852
1.94680317760397
1.95009614752374
1.95339019636077
1.9566853232573
1.9599815388836
1.96327884660801
1.96657724303192
1.9698767299032
1.97317731485815
1.97647900265518
1.97978178667
1.98308566972347
1.98639066953374
1.98969679333498
1.99300403526832
1.9963123991198
1.99962190679151
2.0029325831638
2.00624443727806
2.00955749034667
2.01287176833655
2.01618728914094
2.01950404537489
2.02282204438859
2.0261413306052
2.02946190020884
2.03278373192053
2.03610683112354
2.03943120681653
2.04275686317011
2.04608378251301
2.0494119576674
2.05274138575719
2.05607207584886
2.05940401571605
2.0627372061726
2.06607165288262
2.06940736700127
2.07274433761779
2.07608255962539
2.07942204137556
2.08276279514575
2.08610481629682
2.08944809873505
2.09279263351324
2.09613841345817
2.09948541430308
2.10283363365733
2.10618308072469
2.10953378189462
2.11288574041445
2.11623896704557
2.11959347371358
2.1229492708524
2.12630634163491
2.12966467876068
2.13302428367011
2.13638517028804
2.13974734524323
2.14311081748024
2.14647559144893
2.14984167737188
2.15320906669664
2.15657775458929
2.15994774163113
2.16331904520736
2.16669166700319
2.17006560135083
2.17344086026061
2.17681746017431
2.18019539656522
2.18357467019269
2.18695528965902
2.19033727425351
2.1937206334197
2.19710538020038
2.2004915134737
2.2038790439331
2.20726797808881
2.21065830678808
2.21405001633146
2.21744310977567
2.22083758332501
2.22423343437516
2.22763067407869
2.23102932531979
2.23442939413678
2.23783088327688
2.24123380669782
2.24463819062581
2.24804404742339
2.25145138348773
2.25486021376451
2.25827055428871
2.26168239868716
2.26509574661455
2.26851061524866
2.27192703437809
2.27534501210427
2.27876455037163
2.28218565511865
2.28560833230694
2.28903255839377
2.29245830713036
2.29588558185041
2.29931438810145
2.30274471663466
2.30617657481149
2.30960998494726
2.31304497798858
2.31648156155577
2.31991975021742
2.32335957066214
2.32680105772227
2.33024422762484
2.33368909854791
2.33713569703697
2.34058404741956
2.34403413970808
2.34748596871148
2.35093954096617
2.35439489374825
2.35785207222999
2.36131103680329
2.36477181228311
2.36823441859226
2.37169884501063
2.37516509503254
2.37863319202605
2.38210316361673
2.38557501012997
2.38904874869505
2.39252441683918
2.39600206038103
2.39948168705206
2.40296330565352
2.40644694259343
2.40993262173193
2.41342034727174
2.41691012266799
2.42040195891729
2.42389587205227
2.42739185672745
2.43088991209463
2.43439004567141
2.43789226661881
2.44139657861539
2.44490299007351
2.44841150277505
2.45192212342741
2.45543483957739
2.45894964767565
2.46246655695327
2.46598557759389
2.4695066986941
2.47302991215033
2.47655521550562
2.48008260938346
2.48361209057266
2.48714366962838
2.49067731331928
2.49421299321508
2.49775067185341
2.50129037626805
2.5048320790345
2.50837588907074
2.51192188031572
2.51546994792043
2.51902001902715
2.52257206940199
2.52612607899744
2.52968205131369
2.53323999505525
2.536799918422
2.54036181462461
2.54392569708694
2.5474915764301
2.55105945868395
2.55462942818338
2.55820161826086
2.56177595865291
2.56535232479545
2.56893067909105
2.57251101772426
2.57609332998949
2.57967760933985
2.58326383326067
2.58685200802075
2.5904421408824
2.59403422427343
2.59762823720649
2.60122417947668
2.60482204525314
2.6084218236846
2.61202349229913
2.61562705568227
2.61923250968236
2.62283984100469
2.62644903394687
2.63006010314961
2.63367305738061
2.63728789749697
2.64090461428682
2.64452322420385
2.64814372986372
2.65176612350159
2.65539038658121
2.65901652273669
2.66264452130914
2.66627437512881
2.66990607254292
2.67353962892205
2.67717504143284
2.68081229669893
2.68445137314675
2.68809228526671
2.69173502688189
2.69537957394835
2.6990258934685
2.70267399915587
2.70632388780475
2.70997555277151
2.71362898984812
2.71728422837135
2.72094126265038
2.72460007323741
2.7282606445195
2.73192300010795
2.73558713642332
2.73925305489414
2.74292075500448
2.74659027072396
2.75026159988323
2.75393473900046
2.75760967073089
2.76128640840245
2.76496494081607
2.76864526321654
2.77232736664647
2.77601127569955
2.77969699028145
2.7833845066978
2.78707382404014
2.79076498530627
2.79445799948659
2.79815287044461
2.80184959232936
2.8055482058701
2.80924871182109
2.81295111514436
2.81665541812489
2.82036166572724
2.82406987190229
2.82778005407633
2.83149221715728
2.83520639984288
2.83892260687135
2.84264084627371
2.84636111464078
2.85008345669906
2.85380788816708
2.85753443208052
2.86126310849656
2.86499397528681
2.86872704961758
2.87246237718338
2.87619999023958
2.87994033163841
2.88368370098415
2.88743010306588
2.8911795032699
2.89493219641986
2.89868874553626
2.90244930673701
2.90621358026638
2.90998171212075
2.91375411365372
2.91753112240363
2.92131290363847
2.92509980190405
2.92889205402627
2.93268999310728
2.93649394350384
2.94030395395537
2.94412014733278
2.94794313114109
2.95177329304104
2.95561092615966
2.95945596139668
2.96330910726645
2.96717080619347
2.97104139135178
2.97492158712366
2.97881248296758
2.98271476541891
2.98662934311814
2.99055533106131
2.99449246354232
2.99844291416544
3.0024063516995
3.00638065885624
3.01036598367226
3.01436215161033
3.01836844913545
3.02238551730135
3.02641320886377
3.03045244383368
3.03450427060025
3.0385685487674
3.04264724581626
3.04674181856963
3.05085188044463
3.0549773780138
3.05911773629162
3.0632735101668
3.06744441841449
3.07163094405828
3.07583402694715
3.08005813877574
3.0843042535171
3.08857167588277
3.09286315101105
3.09718102316607
3.10152419511426
3.10589262890555
3.1102863474269
3.11470699538195
3.1191537569731
3.12362691714647
3.12812739821868
3.1326574928707
3.13721783351209
3.14180837771295
3.14642950016292
3.15108342651341
3.15577015102018
3.1604893378377
3.16523971850169
3.17002197603781
3.17483488936453
3.1796778325935
3.18454959716309
3.18945201896092
3.19438513786768
3.1993480397146
3.20434023741507
3.20936249320792
3.21441381966877
3.21949461097661
3.22460547158382
3.22974567654481
3.23491294498005
3.24010658456069
3.24532805104932
3.25057831927138
3.2558560509686
3.26116217393791
3.26649745302939
3.27186346057479
3.27725900535966
3.28268394833948
3.28813904666741
3.29362468610393
3.29913838696235
3.30468094645768
3.31025222099579
3.31585260242406
3.32148068848579
3.32713736489162
3.33282291852695
3.33853847261716
3.34428409523974
3.35005899895166
3.35586244190641
3.36169386166872
3.36755292166429
3.37344171398539
3.37935947889448
3.3853066001403
3.39128268026454
3.39728754451639
3.40332178295112
3.40938595454451
3.41547903689758
3.42160033434784
3.4277503353924
3.43393057371869
3.44013963917117
3.44637710600716
3.45264342707145
3.45893979908592
3.46526529387921
3.47161962118675
3.47800270744163
3.48441556671548
3.49085579095898
3.49732261345073
3.50381547956103
3.510334844709
3.51688044357784
3.52345134390037
3.53004753521113
3.53667006567027
3.54331815884681
3.54999229983185
3.55669332588626
3.56342207628053
3.57017768250638
3.57695969897918
3.58376808552958
3.59060395420429
3.59746561121661
3.60435341257836
3.61126768170755
3.61820974386781
3.62517821792653
3.63217291513859
3.63919505141694
3.64624699910385
3.65332913779908
3.66044079237807
3.6675822938665
3.67475500517543
3.68195794155015
3.68919091492311
3.69645430909672
3.70374879088357
3.71107275412544
3.71842617174905
3.72580810375178
3.73321934034903
3.74065870190391
3.74812550494601
3.7556190232319
3.76313968866422
3.77068660952503
3.77825955510929
3.78585818226824
3.79348276642929
3.80113215370755
3.80880632413752
3.81650531928363
3.82422995378651
3.83198008494921
3.83975586581055
3.84755679647611
3.85538452352232
3.86323834939032
3.87111766278534
3.87902175756577
3.88695107530937
3.89490474095722
3.90288327809302
3.91088581478663
3.91891310962562
3.92696485092515
3.93504107164286
3.94314085319731
3.95126513767693
3.95941439759803
3.96758844318256
3.97578663735695
3.98401060509516
3.99225998733391
4.00053431515276
4.008833144312
4.01715672681935
4.02550403402071
4.03387340001867
4.04226487627981
4.0506791957506
4.05911481481901
4.06757217175354
4.07605162754463
4.08455357978483
4.09307745780047
4.10162349309353
4.11019219907381
4.11878488431071
4.12739986310783
4.13603720076151
4.1446972439636
4.15338060947409
4.16208623302272
4.17081425551957
4.17956397855165
4.18833628517732
4.19713092562392
4.20594863726546
4.21478845756004
4.22365078933944
4.23253553998889
4.24144168167041
4.25036785638425
4.25931553544706
4.26828468707566
4.27727374824709
4.2862814609816
4.29530839644594
4.30435579936282
4.31342259582027
4.32250762905306
4.33161224314104
4.34073518199172
4.34987666831385
4.35903630970625
4.36821372609202
4.37740821844257
4.38662083568899
4.39585174527547
4.40510078846037
4.41436730099339
4.42365128634609
4.43295232988401
4.44227106094886
4.45160657919063
4.46095897284836
4.47032840336002
4.47971487984033
4.48911750476474
4.49853663745746
4.50797230649565
4.51742532865685
4.52689495471605
4.53638130884806
4.54588464277507
4.55540576330849
4.56494421523946
4.57449977958056
4.58407145265567
4.59365911848912
4.6032620609328
4.61288058235378
4.62251470328536
4.63216491273747
4.64183085463272
4.65151224629458
4.66120957633721
4.67092376729213
4.68065417741389
4.6904004360843
4.70016253328101
4.70994155998419
4.71973765874462
4.72955080705898
4.73938089074048
4.74922870823198
4.75909367679373
4.7689754939056
4.778874387129
4.78879126232624
4.79872594235954
4.80867895464173
4.81865099355146
4.82864287788688
4.83865390953312
4.84868410580445
4.85873318297292
4.86880153074159
4.87888845161971
4.88899441218271
4.89911940912327
4.90926406524526
4.91942768680128
4.92961055680586
4.93981243004047
4.95003362773026
4.96027405229726
4.97053352386823
4.98081228085693
4.99111116401296
5.00142969730026
5.01176779649395
5.02212472813868
5.03250158504185
5.04289757656559
5.05331270307649
5.06374682201936
5.07419991154365
5.08467109521279
5.09515993421078
5.10566568809507
5.11618869014866
5.12672759757088
5.13728206872081
5.14785176889081
5.15843714509126
5.16903739887987
5.17965287731755
5.19028371320914
5.20092932712911
5.2115897030852
5.22226493543585
5.2329546471891
5.24365930988177
5.2543777516119
5.26510968551014
5.27585515855726
5.28661476978601
5.297388175896
5.30817563421931
5.31897705875132
5.32979201379492
5.34061991295861
5.35146091061774
5.36231596114418
5.37318550484336
5.38406933186991
5.39496738718922
5.40587995697883
5.4168068135199
5.42774833564494
5.43870474148394
5.4496748862454
5.46065915695831
5.47165683439095
5.48266816879971
5.49369373991115
5.50473298653968
5.51578547454081
5.5268510088417
5.53792928317654
5.54902028705184
5.56012402401691
5.57124037712414
5.58236944275104
5.59351085080408
5.60466346610869
5.61582751030842
5.6270037583637
5.6381920745401
5.64939256391294
5.66060486368241
5.67182908221792
5.68306469106372
5.69431120698346
5.70556850824646
5.71683621061751
5.72811472498197
5.73940385233625
5.75070246296
5.76200987414243
5.77332625342189
5.78465251074256
5.79598883247225
5.80733497440633
5.81869131039566
5.83005852702662
5.84143819899108
5.85282960360845
5.86423201463646
5.87564449177577
5.88706770675312
5.89850174194417
5.90994693702062
5.92140204355551
5.93286651455333
5.94434074490881
5.95582530913612
5.96731942849609
5.97882315548183
5.99033646943405
6.0018604688668
6.01339474069999
6.02493902485864
6.03649302023368
6.04805664958983
6.059630843581
6.07121572403457
6.08281015475524
6.09441328850719
6.10602546163001
6.11764751110899
6.1292787768017
6.14091827574811
6.15256576597959
6.16422089437759
6.17588452456907
6.18755772351733
6.19923973258352
6.21092903843382
6.22262480725213
6.23432751495489
6.24603715700712
6.25775486923459
6.26948062997192
6.28121409112798
6.29295483365243
6.30470233885765
6.31645690625929
6.32821868542868
6.33998835938158
6.35176553233206
