9.29232510605476E-05
0.000384213733127651
0.000893745356729657
0.00164526796760509
0.00256615255302738
0.00369046529502507
0.00499206723293482
0.00646865538372541
0.00809142499228693
0.0098866084188199
0.0118941308773621
0.0140951076301581
0.0165167018492094
0.019108787988816
0.0219122934226764
0.0249053511897416
0.0281018551426919
0.0314996190570767
0.0350612530485924
0.0387929711762437
0.0426498201754724
0.0466480297647512
0.0507630047801774
0.0550328104647127
0.0594385195873506
0.0639874891997686
0.0686719078172002
0.0734714686116467
0.0784212748033166
0.0835571656787505
0.0889721521153105
0.0946558204435017
0.100669252853837
0.107041008981874
0.113832131128037
0.121095152900116
0.128824050277671
0.137116849841882
0.145910776527189
0.155343897148091
0.165356946577324
0.176033784706903
0.187373355347088
0.199370278224065
0.212112079408022
0.225509137659082
0.239694102148091
0.25457244192634
0.27029610965484
0.286773642645584
0.304064886363286
0.322172202466255
0.34107672865214
0.360893623698419
0.38150050540108
0.403070526430775
0.425413162057462
0.44865690946587
0.472787469282684
0.497902598555727
0.524051093939452
0.551168153669495
0.579407288139221
0.608566055572696
0.638813537105669
0.670006326143463
0.702279298629001
0.735581864463941
0.769934867990744
0.805412954928654
0.841879376885847
0.87955215152526
0.918243386209024
0.95811375569032
0.999013982259931
1.04101955628423
1.08411594629772
1.12824041814693
1.17348891949094
1.21970044816815
1.26708956349402
1.31543416147898
1.36486849698804
1.41528386817779
1.46672754726186
1.51922298482838
1.57267560628423
1.62721805495565
1.68269150183571
1.73928620630544
1.79680266258002
1.85533330663132
1.91482406740069
1.97526136772079
2.0366781346452
2.09896941249518
2.16229396680486
2.22645471830698
2.29161154058812
2.35761833280563
2.42456390916892
2.49244308591593
2.56118527838218
2.63087348582337
2.70136149475897
2.772815954973
2.84504026955264
2.91815199913614
2.99208146138642
3.06683864698419
3.14240101149634
3.21870705508099
3.29590044807944
3.3738112484786
3.45254385894331
3.53195617357115
3.61209664512148
3.69286480404936
3.77421145821635
3.85614995514462
3.93859594094871
4.02164143278828
4.10516631040879
4.18919389387582
4.27360000309487
4.35835112442538
4.44339250404358
4.52869343524875
4.61427458749518
4.70006773388932
4.78607788434246
4.87223100031045
4.95853646078288
5.04498555032395
5.13159272062669
5.21835256117817
5.30525813281527
5.39233693521982
5.47957659900887
5.56696092892595
5.65448514528731
5.74217735548785
5.83004053834169
5.91808782671423
6.0063504568897
6.09480579160432
6.183494688656
6.27238791718087
6.36150189440802
6.45083438614346
6.54040410001543
6.63022997316815
6.72030173905901
6.81065172167759
6.9012629433494
6.99218667222329
7.0833848092634
7.17486569534709
7.26661746975511
7.35863108731392
7.45089167788276
7.54333319750289
7.63596216598534
7.72873592711917
7.82164253662167
7.91469247615503
8.00787285295025
8.10121108970305
8.19468143070382
8.28828759510991
8.38202866327613
8.47591121963363
8.5699450634786
8.66412225545507
8.75848137572503
8.85302658928076
8.94780313623795
9.04278584703432
9.13798531407636
9.23340824132665
9.32905171245083
9.4249250376533
9.52094250339761
9.61710675119938
9.71338028352295
9.80979384720401
9.90634061649634
10.0030122917914
10.0997822184651
10.1966241410953
10.293536129383
10.3905071122137
10.4875451762823
10.5846179662457
10.681720010135
10.7788481718627
10.8760043086406
10.9732104037717
11.0704728022811
11.1677959673698
11.2651712837254
11.3626123280081
11.4601066974566
11.5576624813074
11.6552729277574
11.7529328512669
11.8506537068106
11.9484365101639
12.0463105758079
12.1442605812245
12.242297368226
12.3404013646124
12.4385627158947
12.5368028666699
12.6351112565349
12.7334926372503
12.8319216798592
12.9303862342923
13.028879279757
13.1273921183263
13.2259218955862
13.3244769710875
13.4230656157019
13.5216886328172
13.6203582555688
13.7190734226919
13.8178328587968
13.9166099229387
14.0153981755013
14.1141968917971
14.213009507447
14.3118361788816
14.4106758741034
14.5095256021519
14.6083863147127
14.7072573569341
14.8061388336541
14.905031327823
15.0039370354821
15.1028625239799
15.2018174252102
15.3007983186483
15.3998101132221
15.498843090322
15.5978894729425
15.6969487388835
15.7960226432241
15.8951067734362
15.9942045057732
16.0933145297667
16.1924345903278
16.2915689046336
16.3907150026899
16.4898706354936
16.5890353749788
16.6882103222445
16.7873959135152
16.8865981717875
16.9858147831739
17.0850451439722
17.1842877003413
17.2835467622889
17.3828228206633
17.4821157229213
17.5814236272368
17.680743600297
17.7800736870941
17.8794126220652
17.9787613838257
18.078119459705
18.1774870258542
18.2768645737524
18.3762512664443
18.4756480708253
18.5750537728018
18.6744700359718
18.7738955938739
18.8733314180949
18.9727772006768
19.0722327766545
19.171698710754
19.2711741341959
19.3706603791265
19.4701560246201
19.5696626426784
19.6691789585229
19.7687057538508
19.8682427032626
19.9677894207231
20.0673466687138
20.1669158765388
20.2664960277786
20.3660855619283
20.4656860345353
20.5652962301735
20.6649167451427
20.7645475674103
20.864188153334
20.9638391873486
21.0634992973737
21.1631702282241
21.262853129273
21.362550172499
21.4622622533282
21.5619863453413
21.661723914813
21.7614717258176
21.861230438253
21.9609984942653
22.0607777972426
22.1605664655033
22.2603657370922
22.3601749321384
22.4599941230332
22.5598236831585
22.6596627037852
22.7595127233359
22.8593765952198
22.9592547323506
23.059142604354
23.1590411698592
23.2589500795816
23.3588705013652
23.4588055513922
23.5587525666197
23.6587113911454
23.7586823373525
23.8586648258504
23.9586579046182
24.058662118332
24.1586777445989
24.2587054970825
24.3587486320208
24.4588025568781
24.5588689198997
24.6589459432858
24.7590371414732
24.8591406089703
24.9592592149267
15.059394688926
15.1595440461357
15.2597072881778
15.3598824863459
15.4600729053857
15.560283202902
15.6605256698168
15.760821591639
15.8611837651967
15.9616354446606
16.0622040254879
16.1628702243752
16.2636639710991
16.36457635871
16.465635889597
16.5668460235152
16.6682363016757
16.7698291925125
16.8716278826976
16.9736630048245
17.0759125371732
17.1784322554454
17.2811848447474
17.3842160535904
17.4875131430987
17.5911133445777
17.6950376742827
17.7992981012437
17.9039540365812
18.0089536747686
18.1143648648457
18.2201300638681
18.3262635398265
18.4327419186078
18.5395871666949
18.6468293635769
18.7544311741631
18.8624507733128
18.9708072197088
19.0795372273448
19.1886015407443
19.2980418989298
19.4078387683899
19.5179855218743
19.6285078559429
19.7393586035056
19.8506030348072
19.9621865365523
6.01483691548284
6.0373097436506
6.05985879730312
6.08248664326572
6.10519074336367
6.12798112465985
6.15084541578982
6.17379565840609
6.19681508312611
6.21990845550791
6.24307270033243
6.26631418471963
6.28963433303857
6.31302053975858
6.33647949416236
6.35999928312457
6.38358870801967
6.4072342739356
6.43094924906672
6.4547395381558
6.47860447206633
6.50254520673236
6.52655030250096
6.55063594065561
6.57479043886888
6.59902139344042
6.6233185436101
6.64768504405939
6.67211710517085
6.69660594110027
6.72115734400733
6.74575686215773
6.77041116009526
6.79511719935557
6.81988500133243
6.84470822564096
6.86958579546356
6.89451868566332
6.91950177243733
6.94454296116583
6.9696367895214
6.9947936739676
7.02000056716583
7.04526349478326
7.07058596508832
7.09597000215889
7.1214194434651
7.14692927871346
7.17251292059314
7.19816363606942
7.22389817238488
7.24970390916082
7.27558043478905
7.30152420254069
7.3275263741103
7.35358996091091
7.3797071009838
7.4058885625376
7.43212640353066
7.45842286844003
7.4847748030887
7.51118020841959
7.53763406272349
7.56413291259159
7.59068186375627
7.61726786800154
7.64389811312032
7.67056848212765
7.69728622265214
7.72405169124258
7.75087241752642
7.77774937615966
7.804672941199
7.83164603914385
7.85865977396298
7.8857130523656
7.91280397180524
7.93993664534169
7.96711076611878
7.99432940086464
8.02159939433398
8.04891963149595
8.07628820321211
8.10370115924258
8.13117155772619
8.15869608949865
8.18628112586271
8.21392228597686
8.24161086043116
8.26934856444466
8.29712768567258
8.32495800347397
8.35283193811184
8.38075166705283
8.40871802009988
8.43673312928076
8.46479558449904
8.492900717285
8.52106009587119
8.54926986595681
8.57753570717277
8.60584203514963
8.63418927957848
8.66258122466178
8.69101843620208
8.71950197184844
8.74802841118203
8.77660469943193
8.80522239509487
8.83388627713768
8.86259022367644
8.8913379853683
8.92012993744736
8.94895922831084
8.9778285483629
9.00673365905708
9.03568662024952
9.06468323039028
9.09372735855997
9.12281571675627
9.15194590662437
9.18111892498303
9.21032738477594
9.23957737367219
9.26886020320864
9.29817922310798
9.32752939358195
9.35691532963633
9.38634103250289
9.41580641513421
9.44531182309834
9.47485181717624
9.50443521878789
9.53405112172657
9.56370020587621
9.59337921688778
9.62309133461627
9.65283765936637
9.68261698271616
9.71243136475434
9.74226974727729
9.77213874759584
9.80203381589202
9.83195289058658
9.86189702005785
9.89187148499923
9.92187953688083
9.95191827640648
9.98199592187466
10.0121080668168
10.042254630091
10.0724320644879
10.1026461058608
10.1328937957354
10.1631725843182
10.1934864800193
10.2238343639017
10.2542188555808
10.2846319078573
10.315081148366
10.345569320253
10.3760984716629
10.4066705676676
10.4372838025638
10.4679465930791
10.4986478927162
10.5293942158916
10.5601810751519
10.5910110384956
10.6218815682433
10.6527872749765
10.6837244792808
10.7146910502372
10.7456903726841
10.7767165105017
10.8077723578878
10.8388555322684
10.8699777981269
10.9011410775496
10.9323434767617
10.9635849267817
10.9948623308149
11.0261871394416
11.05754838258
11.0889450771068
11.1203741186529
11.1518369938974
11.1833327129152
11.2148609431446
11.246421214403
11.278006694027
11.3096202007115
11.3412585328669
11.3729251024682
11.4046170764207
11.4363362016811
11.4680854901184
11.4998656716926
11.5316844280482
11.563535629054
11.5954201828866
11.6273317507231
11.6592713328855
11.6912353692518
11.7232197609799
11.7552245001577
11.7872516769888
11.819303333501
11.8513743159352
11.8834647004269
11.9155725457798
11.9476988622117
11.9798379418346
12.0119881778157
12.0441485567273
12.0763186669564
12.1084963667809
12.1406810691049
12.1728733144678
12.2050719703178
12.2372779464466
12.2694897437381
12.301707972995
12.3339320831377
12.3661622599954
12.3983987050316
12.4306409662441
12.4628897418199
12.4951447340598
12.5274068442183
12.559675228246
12.5919515296922
12.6242396376575
12.6565381477964
12.6888445532206
12.721156569521
12.753474824521
12.7857988461774
12.8181304410571
12.8504694258666
12.8828146739857
12.9151663989977
12.9475245028963
12.9798889976703
13.0122592122939
13.0446373179356
13.0770222944373
13.1094136508766
13.141810891904
13.1742142462615
13.2066251618573
13.2390435711427
13.2714688861304
13.3038999635287
13.3363377707019
13.3687817933833
13.401234587796
13.4336978117971
13.4661731279541
13.4986635728087
13.531166352246
13.5636818780621
13.5962076882646
13.6287429508095
13.6612884123189
13.6938436621782
13.726410407418
13.758986017253
13.7915738721967
13.8241758814759
13.8567895323266
13.8894105576772
13.9220401589074
13.9546772934524
13.9873213060231
14.0199725071589
14.0526310342379
14.0852981545322
14.117971886145
14.1506529933845
14.1833406413012
14.2160353326876
14.2487368568866
14.2814450829819
14.3141605901516
14.3468836411751
14.3796143301994
14.4123514425954
14.445096225332
14.477849181388
14.5106105404809
14.543379837418
14.5761559192757
14.60893939216
14.6417298624925
14.6745288814127
14.7073351829472
14.7401489314582
14.7729700135017
14.8057999207582
14.8386389414724
14.8714887933236
14.9043504713278
14.9372241302086
14.9701120768361
15.0030133305445
15.0359267554431
15.0688507558789
15.1017828983926
15.1347228121851
15.1676699759595
15.2006254209641
15.2335883933417
15.2665611815014
15.2995438399653
15.3325360526629
15.3655406301369
15.3985580853459
15.4315868642152
15.4646240438909
15.4976704326336
15.5307262316595
15.5637907494362
15.5968632382399
15.6299438027509
15.6630329968122
15.6961320544979
15.7292427713077
15.7623622619722
15.7954906150201
15.8286271958245
15.8617731309645
15.8949284801789
15.9280931395696
15.961266924071
15.9944497011786
16.0276440387239
16.0608498858442
16.094067357887
16.1272944656953
16.160531003042
16.193777120472
16.2270323679815
16.2602976024562
16.2935718375056
16.3268563137312
16.3601526707162
16.3934610100297
16.426779006155
16.4601069986892
16.4934458921276
16.5267952698731
16.5601562078049
16.5935268666194
16.6269091534886
16.6603020920764
16.6937058185874
16.7271197921604
16.7605438765118
16.793978698914
16.8274232748056
16.8608787914242
16.8943439846232
16.927821238887
16.9613104372823
16.9948120284636
17.0283269371462
17.0618537837316
17.095392138892
17.1289404479668
17.1624999126329
17.1960693092511
17.2296496054019
17.263240287892
17.2968421311061
17.3304555170204
17.3640799921701
17.3977154482646
17.4313607075322
17.465017310418
17.4986839888373
17.5323612859857
17.566048787666
17.599746410693
17.6334545317509
17.6671723097281
17.7009007655928
17.734638846005
17.7683881212279
17.8021481686367
17.835918705302
17.8696989684747
17.903488674332
17.9372883257856
17.9710970238427
18.0049161465291
18.0387448776633
18.0725837534327
18.1064319692823
18.1402896052391
18.1741565578064
18.2080324793251
18.2419180427339
18.2758123665577
18.3097164732117
18.3436293142823
18.3775516666888
18.41148296943
18.445423453926
18.4793733270887
18.513332075951
18.5473004774747
18.5812775075511
18.6152641098704
18.6492593605808
18.6832638835985
18.7172772936259
18.7512995251828
18.7853309068615
18.8193714785673
18.8534234519904
18.8874842224046
18.9215543037081
18.9556330810174
18.9897209411203
19.0238178177513
19.0579234062904
19.0920382373294
19.1261614620413
19.1602940665233
19.1944351947779
19.2285855954215
19.2627447740363
19.2969127822418
19.331089816865
19.3652755538207
19.3994708651917
19.4336745048249
19.4678873357219
19.5021085923687
19.5363390824292
19.5705785667609
19.604826918039
19.6390850842121
19.6733523015854
19.7076288130644
19.7419137875145
19.7762079939938
19.8105110513502
19.8448240927555
19.8791508313105
19.9134904625141
19.9478430878963
19.9822090513101
1.42975612296603
1.43221226257801
1.43466912807272
1.4371267640722
1.43958514137744
1.44204424782929
1.44450402193392
1.44696452487582
1.44942570117354
1.45188761122065
1.45435021027566
1.45681352791912
1.45927755690273
1.46174227744898
1.46420773004501
1.46667390672018
1.46914084804476
1.4716084776663
1.47407683970104
1.47654590721467
1.47901568818211
1.48148619851598
1.4839574013318
1.48642934249771
1.48890196560567
1.49137532652848
1.49384937434874
1.49632413819847
1.49879960886767
1.50127577501961
1.50375266958669
1.50623024648774
1.50870856456716
1.51118757201052
1.51366732325775
1.51614778520307
1.51862897977357
1.52111091343901
1.52359356141359
1.52607697354085
1.52856109763019
1.53104600129133
1.53353163099377
1.53601802873214
1.53850517926153
1.54099308579519
1.54348177329109
1.54597120051978
1.54846142469655
1.55095238397088
1.55344413732684
1.55593663851328
1.55842991520517
1.56092396153625
1.56341876010776
1.56591435045204
1.56841069274417
1.57090788281199
1.57340582578828
1.57590455880797
1.57840405217969
1.58090431985888
1.58340542776354
1.58590729912809
1.58840996794973
1.59091337915467
1.5934175923594
1.59592259678996
1.59842845155766
1.60093509435574
1.60344249354253
1.60595066169798
1.60845955882362
1.61096923180086
1.61347967314961
1.61599091032398
1.61850286936568
1.62101557860413
1.62352902366465
1.62604319953041
1.62855813778029
1.63107380408787
1.63359025825533
1.63610750429279
1.63862562963622
1.64114456448697
1.64366429735216
1.64618478943593
1.64870602954903
1.65122805114451
1.65375080275222
1.65627434488174
1.65879862585064
1.66132368914878
1.66384950236951
1.6663760786609
1.66890341897901
1.67143149706796
1.67396037980706
1.6764899954986
1.67902039496738
1.68155153312528
1.68408347377706
1.68661616448612
1.68914961364771
1.69168383810953
1.69421880537315
1.6967545726214
1.69929108222911
1.70182839207093
1.70436644910275
1.70690529389433
1.70944490920354
1.71198529322346
1.71452647399557
1.71706840704198
1.71961115836505
1.72215467809655
1.7246990394005
1.72724417677098
1.72979012035681
1.73233686639615
1.73488439770525
1.73743275842463
1.73998189849667
1.74253188811498
1.74508266961531
1.74763431656358
1.75018682254928
1.75274015209457
1.75529433950554
1.75784935838623
1.76040521370776
1.76296184412845
1.7655193065838
1.76807754094469
1.77063658382417
1.77319641032216
1.77575701353763
1.77831841477635
1.78088056830486
1.78344353644967
1.78600725788687
1.78857178619875
1.79113707866432
1.79370315306019
1.79627000294695
1.79883760281976
1.8014059904794
1.80397510614338
1.80654501055485
1.80911568822103
1.81168716966005
1.81425939646204
1.81683244719076
1.81940640815883
1.82198121524202
1.8245568007212
1.82713310104361
1.82971017903408
1.832287979321
1.83486653621156
1.83744582848438
1.84002584241213
1.84260660562476
1.84518806838491
1.84777029289736
1.85035321013525
1.8529368731563
1.85552123499642
1.8581063174162
1.8606921161712
1.8632786080308
1.86586583567247
1.86845373648204
1.87104238036177
1.8736317014554
1.8762217492883
1.87881249631712
1.88140396715479
1.88399618180078
1.88658912615523
1.88918283286714
1.89177721326971
1.89437237524773
1.89696837288987
1.89956518072357
1.90216272523619
1.90476096980899
1.9073599493878
1.90995961055292
1.91256002135863
1.91516111609347
1.91776295186681
1.92036548644648
1.92296873591009
1.92557270460826
1.9281773574624
1.93078274367109
1.9333887972596
1.93599559102598
1.93860305974985
1.94121124916151
1.94382013145108
1.94642970213509
1.94903998555892
1.95165093485409
1.95426261339229
1.95687495416465
1.95948806959561
1.96210189239684
1.9647164281163
1.96733166747579
1.96994759325572
1.97256424868197
1.97518157410046
1.97779963637243
1.98041836246967
1.98303780141403
1.9856579128196
1.9882787073058
1.99090018406804
1.99352230998449
1.99614513397019
1.99876859410633
2.00139278075326
2.00401766888557
2.00664327815872
2.00926955295499
2.01189649641152
2.01452413420809
2.0171524304373
2.01978144613553
2.02241111837731
2.02504151024511
2.02767257179153
2.03030433494414
2.03293678909377
2.03556992258917
2.03820376979285
2.04083827978409
2.04347351819189
2.04610942524015
2.04874605863049
2.05138337803058
2.05402140815919
2.05666014919699
2.05929956929458
2.06193971950959
2.06458053561236
2.06722208361897
2.06986429398391
2.07250721351879
2.0751508127945
2.07779510014272
2.08044009416688
2.08308577125329
2.08573225510553
2.08837952662107
2.09102763587122
2.09367658182414
2.09632634301052
2.09897687744389
2.10162817758388
2.10428030694287
2.10693315166142
2.1095868127031
2.11224131582447
2.11489663262983
2.11755269662093
2.12020952433866
2.12286711637304
2.1255254450822
2.12818455316713
2.13084437668365
2.13350497365355
2.13616629415244
2.13882838454947
2.14149121637524
2.14415479739981
2.14681913790678
2.14948420121591
2.15215004058341
2.15481664834307
2.15748407553264
2.16015224919952
2.16282120804556
2.16549090139356
2.16816132221258
2.17083249201485
2.17350436709181
2.17617699374238
2.17885039821519
2.1815245939078
2.18419950193229
2.18687514889546
2.18955155166914
2.19222869736304
2.1949066057658
2.19758522203317
2.20026454784287
2.20294453099039
2.20562521395849
2.20830655443819
2.21098856803658
2.21367125169159
2.21635458393389
2.21903859420327
2.22172323860691
2.22440856213581
2.22709451973869
2.22978115340463
2.23246843500997
2.23515640382073
2.23784512855231
2.24053450474384
2.24322454872594
2.24591521404716
2.24860654679742
2.25129850480522
2.25399112442981
2.2566843853456
2.25937827855774
2.26207281979169
2.26476797128717
2.26746377637048
2.27016019385987
2.2728572663948
2.27555495710104
2.27825328352052
2.28095224333458
2.28365182121318
2.28635204712418
2.28905288308044
2.29175437059539
2.29445648023164
2.29715933314498
2.29986313324439
2.30256789945626
2.3052736957493
2.30798031983395
2.31068771475415
2.31339577144193
2.3161046018383
2.31881443389064
2.32152524153785
2.32423677193722
2.32694902263327
2.32966198580414
2.33237564039149
2.33509001323211
2.33780518380235
2.34052120130954
2.34323804512319
2.34595581673277
2.34867485655454
2.35139518675638
2.35411689431252
2.35684106352824
2.35956807217352
2.36229816603498
2.36503092406991
2.36776669663027
2.37050588424021
2.37324858634747
2.37599552279626
2.37874662827324
2.38150302675643
2.38426402065459
2.38702990223305
2.38980108521963
2.39257779972737
2.39536047231288
2.398148501841
2.40094262784882
2.40374219284982
2.40654804326235
2.40935928472247
2.41217685889507
2.41500150817702
2.41783307329872
2.42067207434582
2.42351725667567
2.42636973322263
2.42922870598455
2.43209484932993
2.43496733248601
2.4378462179354
2.44073166200532
2.4436237727877
2.44652393762118
2.44943079606757
2.45234502932243
2.45526600992981
2.45819426844546
2.46112870795397
2.46406875449231
2.46701488597882
2.46996686064435
2.47292553673114
2.47588988212837
2.47886098105248
2.4818386136687
2.484823033792
2.48781383084723
2.49081066790455
2.4938144094581
2.4968243226395
2.49984058441832
2.50286174708633
2.50588791899716
2.50891877835753
2.5119545584884
2.51499530414732
2.51804100234557
2.52109229718641
2.52414805235227
2.52720885138912
2.53027404461988
2.53334355966958
2.53641698367952
2.53949452442303
2.54257654826792
2.54566260995818
2.54875292478739
2.55184703751937
2.55494583682681
2.55804927708493
2.56115765676954
2.56427036914426
2.56738690115368
2.57050766743477
2.5736323824667
2.57676170369756
2.5798949063369
2.58303225968847
2.58617319233376
2.58931796052231
2.59246670225415
2.59561917433017
2.59877549343874
2.60193475836957
2.60509686641144
2.60826143336601
2.611428585335
2.61459818464652
2.61777027537025
2.62094493442915
2.62412197838166
2.62730151530877
2.63048302071062
2.63366655576434
2.63685177252063
2.64003858475478
2.64322714477337
2.64641755223577
2.64960946324872
2.65280246180684
2.65599671065952
2.65919246180271
2.66238999748871
2.66558926682084
2.66879016140604
2.67199235458063
2.67519574733781
2.67840035535995
2.68160603371977
2.68481260970933
2.68802016654
2.69122870056953
2.69443835915407
2.69764906063663
2.70086070698995
2.70407329848143
2.70728685058933
2.7105014180433
2.71371681466955
2.71693305090505
2.72015021787706
2.72336838549857
2.72658745439631
2.72980736528409
2.73302815051463
2.7362497268488
2.73947215832681
2.74269539008617
2.74591945672338
2.74914434737973
2.7523700570479
2.75559662848532
2.75882398298807
2.76205217574866
2.76528114491932
2.76851094659355
2.77174153911953
2.7749729401003
2.77820515912426
2.78143815961195
2.78467206611666
2.78790683925866
2.79114243195284
2.79437878491485
2.79761594037312
2.80085387179155
2.80409257806352
2.80733211403162
2.81057242698485
2.81381357089863
2.81705546626332
2.8202981734765
2.82354163483023
2.8267858785411
2.83003089689626
2.83327667187078
2.83652323868883
2.83977054318533
2.84301863702116
2.84626745813925
2.84951705943177
2.85276746122638
2.85601862130682
2.85927053668831
2.8625231708634
2.86577656572294
2.86903066754297
2.87228553657526
2.87554113332411
2.87879755756534
2.88205472134246
2.88531260032029
2.88857121753603
2.89183055972418
2.89509064208666
2.89835141039282
2.90161291822787
2.90487510973558
2.90813800525472
2.91140165587753
2.9146660678707
2.91793129645989
2.92119720193089
2.92446381442273
2.92773108543485
2.93099905869498
2.93426769721544
2.93753701602424
2.94080702138436
2.94407768656264
2.94734904615297
2.95062107913914
2.95389385933136
2.95716729311718
2.96044141726087
2.96371621967503
2.96699170683439
2.97026790543348
2.97354478385656
2.97682239274114
2.98010068640416
2.98337972921374
2.98665947102741
2.98993991992802
2.99322110192025
2.99650300880836
2.99978572699171
3.00306917304766
3.00635333784582
3.00963817799141
3.01292372985513
3.01621008092865
3.01949719763137
3.02278502182018
3.02607353887172
3.0293628152039
3.03265282427189
3.03594357376048
3.03923500572748
3.04252714508506
3.04581998426668
3.0491135110487
3.05240774375897
3.05570265211793
3.05899827124759
3.06229456650129
3.06559157201011
3.06888926522393
3.07218766001658
3.07548676567145
3.07878655823517
3.08208706739937
3.08538825877227
3.08869017095072
3.09199277187141
3.09529608722219
3.09860010878695
3.10190483767476
3.10521029607887
3.10851645101366
3.11182334323723
3.11513093528329
3.1184392649878
3.12174831107878
3.12505809476197
3.12836863107237
3.13167990580244
3.1349919608881
3.13830476569393
3.14161836728357
3.14493273912754
3.14824791044852
3.15156387078205
3.15488061760272
3.15819817899386
3.16151652368208
3.16483572310275
3.16815572139631
3.17147654394521
3.17479816487813
3.17812060165823
3.18144386062919
3.18476792396298
3.18809282438301
3.19141851524007
3.19474503582006
3.19807234973095
3.20140047882803
3.20472940771167
3.20805913161374
3.211389673159
3.21472099861977
3.21805314656923
3.22138607809325
3.2247198293713
3.22805437427106
3.23138972741455
3.23472588987998
3.23806284693987
3.24140062790105
3.24473919280469
3.24807858663269
3.25141876949058
3.25475977231034
3.25810158225514
3.26144420163476
3.26478764175434
3.26813186924062
3.27147691473241
3.27482272719062
3.27816933956575
3.28151672061575
3.28486489048562
3.28821384503975
3.29156358174211
3.29491413283949
3.29826546872685
3.30161763493254
3.30497059585607
3.30832439027563
3.31167899615715
3.31503442331158
3.3183906747558
3.32174773009628
3.3251056178507
3.32846429948386
3.33182381172759
3.335184121877
3.33854525725404
3.34190721504104
3.34527000094515
3.34863363252595
3.3519980835392
3.3553633889638
3.35872950874249
3.36209647890463
3.36546427336863
3.36883290569779
3.37220237055044
3.37557266145593
3.3789438040879
3.38231577606465
3.3856886091355
3.38906226810809
3.39243678307523
3.39581214496579
3.39918835646383
3.40256543126467
3.40594334943593
3.40932214240474
3.41270177977605
3.41608229484353
3.41946366472597
3.42284591234359
3.42622903900636
3.4296130495287
3.43299796189218
3.43638374994301
3.43977044317839
3.44315801199543
3.44654648848829
3.44993585941108
3.4533261221203
3.4567172779248
3.46010930725971
3.46350223007118
3.46689602215848
3.47029071261432
3.47368627370933
3.47708272835802
3.48048007422558
3.48387831428527
3.48727746553865
3.49067751351554
3.49407848875208
3.49748036200796
3.5008831698859
3.50428689388466
3.50769155702358
3.51109716411162
3.51450371149061
3.51791122242455
3.52131967629985
3.52472910977434
3.52813948858322
3.53155084219346
3.53496314980894
3.53837642548653
3.54179067610027
3.54520589795121
3.54862212144984
3.5520393245963
3.55545754648039
3.5588767531595
3.56229697487772
3.56571819225326
3.56914041225081
3.57256363621128
3.57598783954025
3.57941303849959
3.58283919521795
3.58626634866776
3.58969445720553
3.59312355401036
3.59655361734626
3.59998466214253
3.60341669970649
3.60684971411539
3.61028375305826
3.61371877574134
3.61715484096383
3.62059191071164
3.62403002491309
3.6274691766552
3.6309093731379
3.6343506446593
3.63779297067839
3.64123640758674
3.64468090935117
3.64812653441954
3.65157325012831
3.65502108633455
3.65847004329189
3.66192010438477
3.66537130664693
3.66882359668283
3.67227703017261
3.67573155455394
3.67918724958895
3.68264411372632
3.68610212727618
3.68956129937913
3.69302161093967
3.696483113202
3.69994574986833
3.70340958215308
3.70687455947551
3.71034072442929
3.71380806029277
3.7172765783245
3.72074630663385
3.72421721271104
3.72768935124227
3.73116267698747
3.7346372488672
3.73811304574729
3.74159010471715
3.74506843493537
3.74854802284962
3.75202891336315
3.75551106195345
3.75899452851545
3.76247926994281
3.76596532989287
3.7694526941939
3.77294137221693
3.77643137974095
3.77992268784814
3.78341534243645
3.78690929297975
3.79040459380491
3.79390120439017
3.79739915392893
3.80089843396088
3.8043990339575
3.80790098118561
3.81140424382965
3.8149088748978
3.81841482851992
3.82192214949548
3.82543079842631
3.82894079492149
3.83245213933389
3.83596481464096
3.83947885439384
3.84299421439532
3.84651094179993
3.8500289906763
3.85354840109123
3.85706914930883
3.86059124169616
3.86411468709063
3.86763945372542
3.87116557737064
3.87469300578952
3.87822178539006
3.88175190901887
3.88528338363107
3.88881616518825
3.89235027266112
3.89588568394301
3.89942236123282
3.90296033974723
3.90649960616691
3.91004017264206
3.91358199768999
3.91712514305752
3.92066972030053
3.92421567542524
3.9277629823129
3.93131158518128
3.934861479338
3.9384126158578
3.94196502957498
3.94551868610531
3.94907360711211
3.95262978913779
3.95618722435714
3.95974593507283
3.96330588983695
3.96686713000322
3.97042961869842
3.97399339736588
3.97755844027629
3.98112476382497
3.98469237007641
3.98826126346424
3.99183155382814
3.99540326871054
3.99897638424343
4.00255085576759
4.00612662620162
4.00970366692014
4.01328198824472
4.01686158724583
4.02044244327263
4.02402457332395
4.02760793854487
4.03119257830274
4.03477844838956
4.03836557915448
4.04195395336251
4.04554358186246
4.04913446325993
4.05272657739163
4.05631994931265
4.05991453736623
4.06351037911173
4.0671074309256
4.0707057226961
4.07430522974484
4.07790595835158
4.08150790513699
4.08511104936703
4.08871542005339
4.0923209731996
4.09592774915159
4.09953570375682
4.10314487236276
4.10675523063341
4.11036679074183
4.11397956143846
4.11759351990518
4.12120870669803
4.12482507735662
4.12844267800887
4.13206146935811
4.13568148706383
4.13930270613583
4.14292513098909
4.14654877169448
4.15017359125897
4.15379962926519
4.15742682853228
4.1610552407647
4.16468481917412
4.16831560418002
4.17194756966145
4.17558071231356
4.17921505657799
4.18285055832114
4.18648726947265
4.19012512841557
4.19376418838957
4.19740439503038
4.20104578553741
4.20468834200964
4.20833204578103
4.21197692289835
4.21562291323731
4.21927007264798
4.22291833468283
4.22656776572605
4.23021831440259
4.23387000965335
4.23752285293827
4.24117682123404
4.24483196289736
4.24848821642956
4.25214565026682
4.25580418857471
4.25946389155796
4.26312471619531
4.26678667302242
4.27044977769539
4.27411399451113
4.27777938356743
4.28144588436846
4.28511356906757
4.28878238045237
4.2924523661349
4.29612350673417
4.29979579528913
4.30346926339392
4.30714386007082
4.31081963640846
4.31449652929544
4.31817459781659
4.32185379323547
4.32553414376296
4.3292156475603
4.33289828099397
4.33658208661008
4.34026701513608
4.34395312850452
4.34764036658776
4.35132878750292
4.35501836193078
4.35870910492841
4.36240104142036
4.36609413942929
4.36978845395612
4.37348392868671
4.37718062924621
4.38087850546975
4.38457760514586
4.38827791161308
4.39197941848207
4.3956821641284
4.39938610668321
4.4030913091441
4.40679772261619
4.4105054149627
4.41421434956961
4.41792455783913
4.42163604840251
4.42534879989309
4.42906286054868
4.43277818509468
4.43649483516473
4.44021276043816
4.44393201357611
4.44765256719335
4.45137443461451
4.4550976449935
4.45882217130219
4.46254807205545
4.46627530934604
4.47000395140959
4.47373395983092
4.47746538650052
4.48119822556743
4.48493248052077
4.48866820974517
4.49240536646769
4.4961441610687
4.49988473290364
4.503627287835
4.50737178672767
4.51111825448719
4.51486659221922
4.51861692403019
4.52236934128145
4.52612414430778
4.52988157846113
4.53364155292954
4.5374040187585
4.54116874949138
4.54493598305639
4.54870576745857
4.55247840417079
4.55625398784411
4.56003255137855
4.5638142526944
4.56759902246975
4.57138728650284
4.57517883781885
4.57897414928213
4.58277309579169
4.58657595181679
4.5903826544543
4.59419310000278
4.59800760463181
4.60182611344879
4.60564936455994
4.6094769160535
4.61330932783197
4.61714635085623
4.62098812007016
4.62483480310911
4.62868664135626
4.63254414688061
4.63640678248829
4.64027540976048
4.64414950285698
4.64803035573583
4.65191792765842
4.65581253374809
4.65971447397581
4.66362399271784
4.66754170745419
4.67146625389783
4.6753983081955
4.67933739204578
4.68328536627742
4.68724177300614
4.69120624352432
4.6951777622147
4.6991559419162
4.70314171830398
4.70713393918448
4.71113320425459
4.7151384823121
4.71915100343951
4.72317034225657
4.72719653155385
4.73122973445951
4.7352702074989
4.73931935122641
4.74337579357867
4.74744102276696
4.75151482422602
4.75559906913704
4.75969304042984
4.76379663063046
4.76791075399554
4.77203424428728
4.77616811449777
4.78031086902628
4.78446389804261
4.788626184334
4.79279834517032
4.79698061649435
4.80117290424043
4.80537658536968
4.8095921534097
4.81382310489152
4.81806718508633
4.82232541968203
4.82659745399309
4.83088519070646
4.83519004008559
4.83951031537676
4.8438479171696
4.84820060254936
4.85257100624883
4.85695667644568
4.86135947809931
4.86577901495637
4.87021506956763
4.87466846324459
4.87913785874114
4.88362628337039
4.88813118393819
4.89265585742144
4.89719876838532
4.90176161768671
4.90634396609231
4.91094545520431
4.91556779452584
4.92020885060853
4.9248728160563
4.92955615109052
4.93426189777624
4.93898765752143
4.94373364722255
4.94849989336926
4.95328503475641
4.95809123037108
4.96291546632646
4.96776076397667
4.97262343570239
4.97750542515848
4.98240638239372
4.98732685713181
4.99226767308168
4.99722645731935
5.00220595411074
5.00720266072426
5.01221954459294
5.01725420124428
5.02230785439138
5.02738044492546
5.03247209975467
5.03758408713492
5.04271315859845
5.04786183471737
5.05302637702774
5.058208833993
5.06340793613889
5.06862528355082
5.07386118838141
5.07911400113123
5.08438546083662
5.08967370437811
5.09498199567175
5.10030771983491
5.10565351520261
5.11101802632971
5.11640136746017
5.12180431786373
5.12722512374349
5.13266680055501
5.13812659236312
5.14360692494009
5.14910445013178
5.15462042317051
5.16015492962327
5.1657079801558
5.17128025191838
5.17686934168247
5.18247814773087
5.18810321421765
5.19374769686992
5.19941026309991
5.20509168613065
5.21079174103763
5.21651003369489
5.22224902494637
5.22800547760595
5.2337826327542
5.23957708251446
5.24539016227131
5.25122013387006
5.25706743371558
5.26293368920495
5.26881829868583
5.27472358902069
5.28064559211641
5.28658731876412
5.29254650169558
5.29852497713217
5.30452183901476
5.31053715135494
5.31657234572167
5.32262495036549
5.32869771846157
5.33478773422864
5.34089722154677
5.34702414014437
5.35316982606305
5.35933469226172
5.36551752548361
5.37172011404559
5.3779396647472
5.38417925151639
5.39043612879874
5.39671257831734
5.40300728371459
5.40932075140389
5.41565340313291
5.42200370987954
5.42837398590888
5.43476134703388
5.44116888951438
5.44759335179219
5.45403571601465
5.46049522054369
5.46697141197535
5.47346506713385
5.4799739929381
5.48650112923136
5.49304393459804
5.49960421570729
5.50618011295009
5.51277255073277
5.5193815181882
5.52600631246931
5.53264854446042
5.53930607435152
5.5459821032607
5.55267433395408
5.55938468102443
5.56611187319371
5.57285627862875
5.57961847300303
5.58639675252336
5.5931933067039
5.6000055989132
5.6068364875806
5.61368304723382
5.62054672771547
5.62742727090777
5.6343243234424
5.64123936084965
5.64817052455435
5.65512045280924
5.6620860046682
5.66906953800788
5.67606943552408
5.68308724779789
5.69012375892725
5.69717815923291
5.70425342898132
5.7113464816149
5.71846015898488
5.72559176166944
5.73274368164619
5.7399146561531
5.74710484646347
5.75431521320949
5.76154379016399
5.76879351757567
5.77606137631467
5.78335008251003
5.79065684519341
5.79798297394314
5.80532822513176
5.81269181030158
5.82007456885756
5.82747416483343
5.8348937836165
5.8423300572358
5.84978512508641
5.85725730295364
5.86474673874406
5.87225354342711
5.87977632333698
5.88731718377442
5.89487367022949
5.90244835251928
5.91003867350085
5.91764588195083
5.92526900928607
5.93290797012212
5.94056335063567
5.9482337837188
5.95592175514809
5.96362433810399
5.97134404635078
5.97907903353548
5.9868310217263
5.99459983143951
6.00238426217657
6.01018591417575
6.01800283304314
6.02583827485673
6.03368916385681
6.04155762108388
6.04944184370467
6.05734205746383
6.06525858950152
6.07318976169927
6.08113760393389
6.08910033428657
6.09708054084946
6.10507531653496
6.11308589189739
6.12111171739001
6.12915294524481
6.13721069238871
6.14528323276448
6.1533726727569
6.16147579366432
6.1695951838653
6.17772965985543
6.18588066769197
6.19404786998557
6.20223030530045
6.2104291551777
6.21864261115148
6.22687397436293
6.23512043824304
6.24338407939061
6.25166321001135
6.25995831172156
6.26826899861267
6.27659447177001
6.28493648098928
6.29329189163313
6.30166269917421
6.31004672909851
6.31844580292615
6.32685876843168
6.33528521029693
6.34372606610446
6.35218016166746
6.36064954761335
6.36913213425643
6.37762971846548
6.38614054581073
6.39466596747397
6.40320578691626
6.41175945237149
6.42032869878555
6.42891183426508
6.43751107809988
6.44612345223919
6.45475100070137
6.46339269167443
6.4720491311322
6.48072050708322
6.48940551100683
6.49810582408168
6.50681952878751
6.51554901208845
6.52429158130508
6.53304856482995
6.54181940322448
6.5506043451206
6.55940445838122
6.56821870350529
6.57704876024269
6.58589155767385
6.5947493750276
6.60362081108286
6.6125071080746
6.62140740537461
6.63032053466247
6.63924713537199
6.64818593255498
6.65713975465669
6.66610647175632
6.67508718567437
6.68407987622767
6.69308463834855
6.70210141269712
6.71112971410892
6.72017224032095
6.72922694202724
6.73829492456796
6.74737376682249
6.75646503820963
6.76556841881847
6.77468358206834
6.78381082416531
6.79294936471789
6.80210101601523
6.81126309979588
6.82043706444981
6.82962127229861
6.83881687130563
6.84802419884656
6.85724315069217
6.86647447150518
6.87571623648551
6.88497019799245
6.89423462471897
6.90351096693617
6.91279825404476
6.9220965254786
6.93140602393353
6.94072597393978
6.95005750710914
6.95939898655399
6.96875236852526
6.97811607029158
6.98749111712407
6.9968765123632
7.00627207964305
7.01567858370426
7.02509507353945
7.03452325407887
7.04396120873203
7.05341069731095
7.06287052556008
7.07234117169913
7.08182265142945
7.09131475752229
7.10081842559154
7.11033223243089
7.11985826354132
7.129394617295
7.13894276646267
7.14850148734687
7.15807059104471
7.16764992733461
7.17723866180373
7.18683789096353
7.19644633296176
7.20606574131067
7.21569459177158
7.22533384049537
7.23498294413104
7.24464210686783
7.25431169548044
7.26399059289761
7.27368054393144
7.28338008069071
7.29309082278434
7.30281159669409
7.31254298842513
7.32228472429844
7.33203626940301
7.3417986444486
7.35157062727299
7.361354389513
7.37114841982354
7.3809540177877
7.39077035588058
7.40059763892358
7.41043603568434
7.42028502841568
7.43014593819542
7.4400168392085
7.44989957227726
7.45979270426037
7.46969718882822
7.47961278581827
7.48953966537541
7.49947854225613
7.50942852126329
7.519391787815
7.5293663857309
7.53935413528657
7.54935380440196
7.55936594931588
7.56939054999653
7.57942716271252
7.58947654626335
7.59953705386191
7.60961048879891
7.61969506752454
7.62979255761762
7.63990206004967
7.65002382627313
7.66015813900088
7.67030403592069
7.68046303705424
7.69063334862363
7.70081727757457
7.71101280855289
7.72122070922015
7.73144047280018
7.74167251360184
7.7519173540289
7.76217367166319
7.77244352953832
7.78272487428439
7.79301957389271
7.80332626952791
7.81364595308944
7.82397840163517
7.83432290166341
7.84468008974627
7.85504863198488
7.86543085770021
7.87582447645681
7.88623103710388
7.89664969141083
7.90708063658239
7.91752374570338
7.92797799133863
7.93844479229054
7.94892223218938
7.95941199325781
7.96991205161088
7.98042319964886
7.99094498741025
8.00147700885307
8.01201952085395
8.02257153086852
8.03313414448992
8.04370584124494
8.05428796380089
8.06487927213085
8.07548038614556
8.08609128329216
8.09671196982092
8.10734297951725
8.11798251839042
8.12863208870833
8.13929058085414
8.14995922603014
8.16063712587783
8.17132432870591
8.18202105136141
8.19272667354385
8.20344173567828
8.21416496321431
8.22489754731808
8.23563830835477
8.2463881343629
8.25714668186431
8.26791404064677
8.27869059195896
8.28947577088965
8.30027072554033
8.31107388529109
8.32188602275861
8.33270612120685
8.34353480265713
8.3543717707891
8.36521736146044
8.37607247759468
8.38693596453967
8.39780938862063
8.40869137519586
8.41958316061024
8.43048372324514
8.44139375781643
8.45231304908383
8.46324079799826
8.47417848425098
8.48512533749267
8.49608248801672
8.50704795390598
8.51802236961115
8.52900553815765
8.53999751393571
8.55099809971591
8.56200709978004
8.57302607578359
8.58405332263536
8.59508971639108
8.60613416307371
8.61718744252771
8.62824909320288
8.63931895821365
8.65039721394028
8.66148281803801
8.67257732873927
8.68367944436227
8.69479015141232
8.70590872811291
8.71703557479635
8.72817045646783
8.73931267169225
8.75046247067547
8.76161896240477
8.77278355961942
8.78395543114809
8.79513547218938
8.80632279594623
8.8175179544154
8.82872114735397
8.83993157284926
8.85115010538271
8.86237571806366
8.87360895623742
8.88484886355374
8.89609602049358
8.90735009878428
8.91861090042105
8.92987851055137
8.94115250373205
8.95243390314275
8.96372176885287
8.97501629109796
8.98631647016443
8.99762234827255
9.00893370831833
9.02025072053402
9.03157440787304
9.04290416641653
9.05424094882097
9.06558362994601
9.07693281228613
9.08828832550843
9.09965040059005
9.11102032028549
9.12239809867297
9.13378387060258
9.14517668903835
9.15657693607506
9.16798321376726
9.17939621982329
9.19081620681676
9.20224294110735
9.21367689238174
9.22511757361787
9.2365654794648
9.24801937785133
9.25947966157305
9.2709457216614
9.28241807138227
9.29389705433772
9.30538231084497
9.31687401320533
9.32837140755256
9.33987551015784
9.35138539700008
9.36290182733852
9.37442494573616
9.38595478731174
9.39749124829635
9.40903386685565
9.42058330942637
9.4321384139243
9.4436999092712
9.45526737943174
9.4668421706274
9.47842398860482
9.49001214334896
9.50160650568423
9.51320605510264
9.52481145953107
9.53642235663592
9.54803987819142
9.55966362845829
9.57129337161784
9.58292837782128
9.59456841948661
9.60621391533742
9.617864075185
9.62951941394953
9.64117992967399
9.65284631397617
9.66451874982354
9.67619702039249
9.68788081388108
9.69956911217787
9.71126162579348
9.72295820880946
9.73465938846022
9.74636472474032
9.7580746921203
9.76978988899942
9.78151026954799
9.79323595187196
9.80496615736825
9.81670165364815
9.82844154166955
9.84018592244405
9.85193457601694
9.86368781179103
9.87544558081833
9.88720781196127
9.89897547240653
9.91074780044965
9.92252521294623
