
0.00237790864713549
0.0114748459548248
0.0399754112585504
0.0943350335623453
0.170988640049509
0.258082762465432
0.350394387546521
0.446770734724962
0.544875241497151
0.64379420300903
0.743064324745938
0.842602667718183
0.942413436628365
1.04255310334518
1.14595567725255
1.25803507405196
1.37903538626113
1.507682015411
1.64295917522669
1.78422054651084
1.93077936641668
2.08156178112167
2.23691254378853
2.39622678820603
2.55742296346094
2.71950932693568
2.88274301182983
3.04699593989404
3.21245441026852
3.37916001160835
3.54722637523771
3.71656076573203
3.88704668454844
4.05871127375892
4.23165214824243
4.40587161746933
4.58144509720929
4.75836807465864
4.93665584192808
5.11634499181171
5.29735758752439
5.47964051004095
5.66315091366298
5.84787200042623
6.03390662096296
6.22125521659798
6.40978755411597
6.59960891001758
6.79436781741326
7.00018634686689
7.21563596746007
7.43753455602785
7.66226061278971
7.88853016365743
8.1161715474273
8.3450815887396
8.57523706502132
8.80663688792224
9.03939211746802
9.27355588632591
9.50914431068904
9.74623132709176
9.9849166487396
10.2253309818584
10.4676657764819
10.7121822540215
10.9590329809717
11.2081731660781
11.4595559027597
11.7130645905307
11.9686273315443
12.2261974030821
12.4858642814209
12.7481465719609
13.0157942765844
13.2943175923192
13.5889754231959
13.9119649907342
14.2686354710784
14.6577402296553
15.0793126847443
15.5328017297069
16.0161897198254
16.5318332817766
17.0772282830925
17.6504718750762
18.2497389031429
18.8737936619655
19.5193879349198
20.1841604416649
20.8671917144901
21.570104376187
22.2945200419948
23.0381599585618
23.7977416816135
24.5727497478209
25.3610358644455
26.1610152759882
26.9722025206895
27.3268741699900
