7.00854497501388E-05
0.000259992634647418
0.000599795774569684
0.00110313383675736
0.00176738484453082
0.00257059753470294
0.00350265808717379
0.00456387100777346
0.0057585678289839
0.00708111789838978
0.00852430744586341
0.0100709158300944
0.0117204400027762
0.0134957473459189
0.0154078719211549
0.0174656874652971
0.0196699518573015
0.0220142190144364
0.0244909628511938
0.0270984284480844
0.0298436291893393
0.0327259398084398
0.0357472586257635
0.0389073045807884
0.0422113058883953
0.0456441351110494
0.0491957857967796
0.0528612486535258
0.0566297924486396
0.0604924899028318
0.0644435960438645
0.0684837283287063
0.072611658467518
0.0768438415297057
0.0811763977373681
0.0856041356079956
0.0901341426818434
0.0947575326457524
0.0994702455358134
0.10426690622432
0.109151044858412
0.114150131185453
0.119301902506941
0.12462553405608
0.130142900630205
0.135864984069961
0.141802515238756
0.147977936690727
0.154427228389783
0.161168561451971
0.168220475713493
0.175605943248195
0.183336616282621
0.191425717845641
0.199882916368684
0.208732195444198
0.217983838609106
0.227654974472515
0.237767709169906
0.248321661121599
0.259335485255414
0.27081983252915
0.282766361993337
0.295204220955025
0.308140467576347
0.321567243722932
0.335486624367018
0.349918926679622
0.364889601812882
0.380405601737923
0.396468369236535
0.413088350671849
0.430260667692948
0.447991535607996
0.466292440241532
0.485168570483065
0.50463773030261
0.524710142815103
0.545384588239867
0.566664939716824
0.588538807587451
0.610999562701277
0.634045209375347
0.657708247720711
0.682028556707385
0.707033791304831
0.732738669586341
0.759147502906719
0.786271311060522
0.814115734205997
0.842682692984453
0.871943750860633
0.901889022418101
0.932535515749583
0.963893521732371
0.995971467515269
1.02878038306774
1.0623104071377
1.09658815420044
1.1316178566935
1.16739549139367
1.20391061857302
1.24118310144087
1.27923507445031
1.31806453554692
1.35764855084675
1.39799594190172
1.43909156269295
1.48093897053304
1.52354534260966
1.56689922073848
1.61099248130761
1.65582401595503
1.70138609194336
1.7476842598834
1.79471996273459
1.84249472486952
1.89098803337868
1.94019759409495
1.99011183131594
2.0407345374764
2.09207061745697
2.14412315698778
2.19688374290949
2.25034825005552
2.30450855048862
2.35937828285675
2.41496204407551
2.47125937858412
2.52824917039423
2.58592975159911
2.64428470187674
2.70331872397557
2.76302433978901
2.82340242758745
2.88443051600222
2.94611366715713
3.00845204199056
3.07144551376458
3.13508803346197
3.19936568709606
3.26428778240977
3.32983954518323
3.39601378978623
3.46282684507773
3.53029213285952
3.59839456230983
3.66711311166852
3.73645512662965
3.80640932845641
3.87697359130483
3.94814380302054
4.01991364628817
4.09226099780122
4.16518872727651
4.23870510987785
4.312810627804
4.38748789484731
4.46271706612715
4.53848461097168
4.61479984525264
4.69168676412549
4.76914903166297
4.84714493116047
4.9256588777568
5.00468932308995
5.08422557337035
5.16424781188784
5.24472967892837
5.32563581036091
5.40694826950305
5.48865778071905
5.57075547133815
5.65323135243476
5.73608502953637
5.81931974687118
5.90291192622432
5.98683125043587
6.07104356756247
6.15552118236813
6.24023187145475
6.32515041410605
6.41025804860911
6.49555411669906
6.58103946063576
6.66669281679067
6.75250512316491
6.83845854862299
6.92453333244586
7.01070654049417
7.09698289705164
7.18335524310105
7.26983877943365
7.35643205809828
7.44312754148529
7.52992923563021
7.61683729869517
7.70385419208218
7.79099357124375
7.87824993686008
7.96559942356746
8.05304218210716
8.14059090934481
8.22825634496391
8.31603722543587
8.40394070751805
8.49197588784564
8.58015358466963
8.6684776632121
8.75694557159911
8.84555856972238
8.93432808729039
9.02324793188784
9.11231211013326
9.2015286576985
9.29090216031649
9.38044125718212
9.47015074161299
9.56004271248751
9.65011157687118
9.74035971526374
9.8307944376985
9.92142862125486
10.0122660990061
10.1033038328429
10.1945420096724
10.2859716610911
10.3775903281316
10.4693960533148
10.5613900094309
10.6535550980428
10.7458745488617
10.8383181587729
10.9308907028484
11.023574026849
11.1163585484842
11.2092370822682
11.3022077057301
11.3952752355469
11.4884391155219
11.5817047511577
11.6750717456441
11.7685361644947
11.8620916816768
11.9557392732315
12.0494820435924
12.1433249511827
12.2372669481316
12.3313124745142
12.4254652346807
12.5197258963659
12.6141116718184
12.7086397859273
12.8033153383731
12.8981420538173
12.9931198147807
13.0882447115908
13.1835195837035
13.2789506509883
13.3745403991255
13.4702887245253
13.5661796782649
13.6621808412854
13.7582756479539
13.8544585963104
13.9507246460217
14.0470802317823
14.1435305598001
14.2400768384203
14.3367136469656
14.4334256840949
14.5302002662576
14.6270284942365
14.7239040527901
14.8208231344642
14.9177871476791
15.0147972564353
15.1118443425875
15.2089158164409
15.3060069680455
15.40311798902
15.500246553648
15.597393195075
15.6945672792338
15.7917778488007
15.8890302461105
15.9863245035286
16.0836542804414
16.1810238193282
16.2784379357718
16.3758928786702
16.4733859762077
16.5709203933037
16.6684970106857
16.7661094035813
16.8637565875569
16.9614424239561
17.059169578201
17.1569433356774
17.2547727558079
17.3526603281122
17.4506050239284
17.5486082873792
17.6466663174042
17.7447703441449
17.8429130152554
17.9411025754747
18.039347669392
18.1376430612354
18.2359863100222
18.3343752530816
18.4327994729262
18.5312492591394
18.6297206251333
18.7282123363409
18.8267193363215
18.9252367091283
19.0237672408412
19.1223146746752
19.2208830321238
19.3194747502915
19.418091175508
19.5167363308023
19.6154133702637
19.7141237564131
19.8128674894142
19.9116336676263
20.0104104618962
20.1091948298862
20.2079868251277
20.3067864802304
20.4055951226097
20.5044139020405
20.6032427485508
20.7020803257551
20.8009253144781
20.899777639317
20.9986372717129
21.0975042090172
21.1963784644642
21.2952600898195
21.3941490757551
21.4930454052443
21.5919529649278
21.690874117407
21.7898128146918
21.8887715012826
21.9877489111466
22.0867475723126
22.1857647947835
22.284796743648
22.3838394625875
22.4828890627984
22.5819493987479
22.6810197503748
22.7800975340311
22.8791833314936
22.978278401749
23.0773826880677
23.1764948725125
23.2756136632593
23.37474152804
23.4738796634425
23.5730255366602
23.6721778994808
23.7713368224264
23.8705023750416
23.9696746242282
24.0688535054775
24.1680414119517
24.2672409919128
24.3664509248029
24.4656711371294
24.5649005040422
24.6641376071877
24.7633850003581
24.8626441363326
24.9619150336646
15.0611976833398
15.1604921093476
15.259797012593
15.3591110722626
15.458432996874
15.5577614823376
15.6570965288506
15.7564381008662
15.8557861930927
15.955140879714
16.0545021980927
16.1538701943781
16.2532448851083
16.3526262817351
16.452014354764
16.5514090638229
16.650810368859
16.7502183908523
16.8496332469267
16.9490549616657
17.048483522829
17.1479190009856
17.2473614511494
17.3468108923404
17.4462672284037
17.5457304802915
17.6452006775902
17.7446778931538
17.8441621624098
17.9436534907052
18.043151877035
18.1426573337063
18.2421698966408
18.3416895937785
18.4412164029151
18.5407502708023
18.6402911240339
18.7398389314908
18.8393937377596
18.9389567690644
19.0385281342504
19.1381065438229
19.2376920159439
19.3372845583315
19.4368842294198
19.5364909808551
19.6361047671544
19.7357256415686
19.8353536053998
19.9349886365547
6.00692613303109
6.02685591634592
6.04678706594336
6.06671958423209
6.08665347490561
6.10658899443865
6.12652640807218
6.14646571898001
6.16640717729872
6.18635052923709
6.20629552042976
6.22624240325486
6.24619092652582
6.26614085332537
6.28609220169295
6.30604497459689
6.32599916879123
6.34595477968962
6.36591180335591
6.38587023397668
6.40583007261355
6.42579132058912
6.44575397348195
6.46571802609939
6.48568347064686
6.50565031585286
6.5256185628734
6.54558822263243
6.56555964818601
6.5855333364814
6.60550878759523
6.62548568059189
6.6454640139789
6.66544379297668
6.68542501672515
6.70540767435314
6.725392166201
6.74537860133259
6.76536698299112
6.78535692075347
6.80534832492615
6.82534160898445
6.84533650175958
6.86533290825875
6.88533083986619
6.9053303035608
6.92533130768351
6.94533387024431
6.96533799323987
6.98534407870683
7.00535224900666
7.02536210823987
7.04537354557746
7.06538655684342
7.08540113586785
7.10541746306885
7.12543569663298
7.14545555365297
7.16547745441421
7.18550153937091
7.20552780456857
7.22555647194337
7.24558691028817
7.2656191365719
7.28565316033592
7.30568900216269
7.32572684800111
7.34576722229095
7.36581113184731
7.38586013142421
7.40591609736424
7.42598057126263
7.44605493125541
7.46614176378234
7.48624413904331
7.5063620173126
7.52649409227651
7.54664210061632
7.56680706110105
7.5869901594603
7.60719228754303
7.62741447554692
7.64765940528318
7.66792858780122
7.68822453254914
7.70854956891338
7.72890372994059
7.74928884714659
7.76970563381288
7.79015477521655
7.81063770667851
7.83115560845142
7.85170878795058
7.87229839385453
7.8929248285769
7.91359097619323
7.93429874968018
7.95504914228484
7.97584609764908
7.99669184858745
8.01758848055691
8.03853746869073
8.05953829144642
8.08059131109606
8.10169735976458
8.12285586232871
8.14406344619711
8.16531920300444
8.18662477798667
8.2079816257518
8.22939144111938
8.25085505225264
8.27237171050139
8.29394222347307
8.31556517436035
8.3372390525869
8.35896146291782
8.3807313327457
8.40255092907496
8.42442187795225
8.44634302704164
8.46831363970183
8.49033407782732
8.51240461682732
8.53452449692171
8.55669390450083
8.5789126217618
8.60118205845919
8.62350316394781
8.64587853626097
8.66830748178901
8.69078947288062
8.7133234114342
8.73591072635814
8.75855288705275
8.78125019738978
8.80400338770683
8.82681349644586
8.84967932369961
8.87259995944586
8.89557391909661
8.9185990265447
8.94167328144031
8.96479657284675
8.98797148799667
9.01120044594781
9.03448405660689
9.05781866295725
9.0812015945136
9.10463179420877
9.12810837121044
9.15163059460911
9.17519880116491
9.19880874303442
9.22246051208162
9.24615876103165
9.26990800566741
9.29371089561077
9.31756680406108
9.34147436938534
9.36543052188062
9.38943490230428
9.41349016175514
9.43759667476569
9.46175608594281
9.4859654049528
9.51022366368129
9.53452918164409
9.55888237666019
9.58328256170461
9.60772586573959
9.63220967845086
9.65673514230872
9.68130039365464
9.70590088405664
9.73053530265408
9.75520703152804
9.77991792109883
9.80466975661744
9.82946239164631
9.8542938000422
9.87916258518379
9.90406958217435
9.92901357273903
9.9539941285558
9.97901199829983
10.0040681588229
10.0291647436163
10.0543021862782
10.0794783716024
10.1046908557707
10.1299404110516
10.1552306510522
10.1805637577735
10.2059402007801
10.2313607010961
10.2568243789456
10.2823338740416
10.3078898947163
10.3334934834792
10.3591496778406
10.3848604003826
10.4106247014675
10.4364399680838
10.4623031651227
10.4882142691344
10.514170172131
10.5401676923876
10.5662055003476
10.592283748874
10.618402231799
10.6445614076835
10.6707621913176
10.6970056622321
10.7232874278079
10.749607900688
10.77596888998
10.8023666145669
10.8287981857096
10.8552619297157
10.8817586623903
10.9082883437035
10.9348497332776
10.9614373713815
10.9880531534664
11.0146986660755
11.041373974382
11.0680811149956
11.0948201104997
11.1215951351938
11.1484092169861
11.1752618571871
11.2021513135153
11.2290745551022
11.2560298376502
11.2830162223526
11.3100331645441
11.337075024643
11.3641441949078
11.3912403709989
11.4183650495525
11.4455180724364
11.4727011001438
11.4999158735902
11.5271626713493
11.554447732216
11.581769347171
11.6091216825813
11.6365051277785
11.6639232049356
11.6913788163448
11.7188722904492
11.7464067719112
11.7739823895119
11.8015984904942
11.8292513716413
11.8569374773537
11.8846568677024
11.91240720504
11.9401889422493
11.9680026974175
11.9958506601821
12.0237300906624
12.0516389075353
12.0795808644114
12.1075562145852
12.1355654289039
12.1636083190888
12.1916811539706
12.2197860242476
12.2479254966258
12.2761004089678
12.3043148740378
12.3325663514336
12.3608502825169
12.3891621400794
12.4175014379778
12.4458708433803
12.4742722074209
12.5027061476713
12.5311705143309
12.5596660298873
12.5881939177757
12.6167540052221
12.6453447662304
12.6739668590161
12.7026199449722
12.7313018788962
12.7600125540661
12.7887538680977
12.8175259350211
12.846327035819
12.8751550866957
12.9040089929711
12.9328889232965
12.9617961472282
12.990734163352
13.0197040774248
13.0487062209156
13.0777404022238
13.1068064445514
13.1359025279578
13.1650282391455
13.1941830025558
13.2233657809461
13.2525744274786
13.2818093565808
13.3110709863176
13.3403562987668
13.3696656922843
13.3989977982249
13.4283527180328
13.4577318741638
13.4871375448667
13.5165718800083
13.5460346415308
13.5755240761905
13.605039307653
13.6345805445475
13.6641498223859
13.6937459962654
13.7233650072499
13.7530064331771
13.7826686011333
13.8123531359778
13.8420604857107
13.8717911956624
13.9015451322782
13.9313233609461
13.9611255156974
13.9909478670988
14.0207874902798
14.0506472436241
14.0805268362271
14.1104251889117
14.1403393872782
14.1702696305697
14.2002193525514
14.2301904064603
14.2601842316724
14.2902001013776
14.3202391240816
14.3503025630516
14.3803918139284
14.4105069439101
14.4406447792743
14.4708039103587
14.5009864663237
14.5311943862948
14.5614261437884
14.5916807513637
14.6219573451483
14.6522563793626
14.682580286281
14.7129295046463
14.7433023935891
14.7736980260094
14.8041140119539
14.834553761824
14.865020653834
14.8955157373493
14.9260391440616
14.9565916696585
14.9871735608534
15.0177856019789
15.0484300221333
15.0791055462721
15.1098092748612
15.1405419890044
15.1713045765702
15.2020969065608
15.232918116035
15.2637683408145
15.2946465554125
15.3255490187207
15.3564730240816
15.3874180412593
15.4183848767446
15.4493730317468
15.480381542638
15.5114101536185
15.5424584354881
15.5735251037907
15.604613309613
15.635728399688
15.6668721281893
15.6980442463065
15.7292442679145
15.7604701511377
15.7917221189567
15.8230012091277
15.8543107827157
15.8856498604225
15.917015163889
15.9484038807507
15.9798150294903
16.0112504393498
16.0427087614969
16.0741898039822
16.1056933116952
16.1372207207096
16.1687697757368
16.2003384619634
16.2319256012138
16.2635309194175
16.2951544140888
16.3267963745852
16.3584574910283
16.390136406437
16.4218338967196
16.453550002095
16.4852863120439
16.5170436609445
16.5488242095986
16.5806293007968
16.6124600013515
16.6443141512343
16.6761903969845
16.7080871439734
16.7400030435469
16.771938018397
16.8038909921455
16.8358603282848
16.8678432838634
16.8998395145425
16.9318507160972
16.9638789588801
16.9959230446746
17.0279824746641
17.060055668276
17.0921416955303
17.1242400786546
17.15635151601
17.1884757180961
17.2206098863204
17.2527517401777
17.2849014433109
17.3170583619006
17.3492218453942
17.3813924958134
17.4135682671327
17.4457488065358
17.4779346119978
17.5101253409078
17.5423208701788
17.5745211479156
17.6067262141366
17.6389356889606
17.6711494114636
17.7033673673431
17.7355895359528
17.767815908683
17.8000465069361
17.8322813518001
17.8645204495391
17.8967637927235
17.9290113601288
17.9612634450561
17.9935201946402
18.0257816051677
18.0580476828634
18.0903180777696
18.1225944717951
18.1548788667451
18.1871715035325
18.219470959121
18.2517758234225
18.2840850384919
18.3163982903331
18.348715563176
18.3810368583937
18.4133629523126
18.4456940583015
18.4780305683487
18.510371840397
18.5427172674981
18.5750671439484
18.6074216083465
18.639780661985
18.6721438993554
18.7045112155292
18.7368830289967
18.7692601905725
18.801642623925
18.8340295160067
18.866420616166
18.898815936377
18.9312154792393
18.9636192758251
18.9960281117485
19.0284426540911
19.0608623097046
19.0932864379001
19.1257149006235
19.158147691025
19.190584818085
19.2230262718284
19.2554728010861
19.2879258092737
19.3203856525497
19.3528531936391
19.3853301712215
19.4178174695225
19.4503140852621
19.4828192568551
19.5153332425142
19.5478549701766
19.5803833310339
19.6129181432821
19.6454600761033
19.6780086766691
19.7105645342193
19.7431282350355
19.7756991660372
19.8082759428112
19.8408609399683
19.8734561891927
19.9060612884037
19.9386739970022
19.9712922091743
1.42885110808317
1.43118178790608
1.43351285460375
1.43584425803185
1.438176015276
1.44050811645645
1.44284057591049
1.44517343244892
1.44750670042829
1.44984033290192
1.4521743062171
1.45450862142425
1.45684327890505
1.45917827727397
1.46151361590803
1.46384929486293
1.46618531442282
1.46852167433922
1.47085837443964
1.47319546227885
1.47553293850444
1.47787076751594
1.48020893821206
1.48254745123935
1.4848863332242
1.48722562159717
1.48956532945114
1.49190545736246
1.49424597892369
1.49658685752927
1.49892808331788
1.50126965682946
1.50361157857262
1.50595390121702
1.50829662097525
1.51063972816729
1.51298319890926
1.51532702461565
1.51767120668982
1.520015799566
1.52236085237598
1.52470632351987
1.52705232100892
1.52939887679281
1.53174600782748
1.53409370392833
1.53644208094293
1.53879116531562
1.54114091723241
1.54349127254303
1.54584226302582
1.54819378074728
1.55054575271829
1.55289811362747
1.55525084424693
1.55760394443103
1.55995744062061
1.56231131934564
1.56466557376898
1.56702026178008
1.56937543320917
1.57173110007762
1.574087238608
1.57644386747842
1.57880107708293
1.58115897126612
1.58351748795871
1.58587655304601
1.58823607667276
1.59059602851229
1.59295641425688
1.5953172803552
1.59767860776636
1.60004034813429
1.60240248942234
1.60476503318823
1.607127982958
1.60949134130241
1.61185515763373
1.61421952740581
1.61658446144178
1.61894987916963
1.62131572302007
1.62368198159237
1.62604865832625
1.62841577941588
1.63078336005759
1.63315140075771
1.63551992807595
1.63788890995502
1.64025832632109
1.64262818216836
1.64499854862648
1.64736947064191
1.64974097332066
1.65211305130963
1.6544856948032
1.65685884094118
1.65923245051963
1.66160652604958
1.66398107042861
1.66635608427596
1.66873156793912
1.67110752304371
1.67348395254997
1.67586085823999
1.67823824178782
1.68061619535976
1.68299479908289
1.68537395646089
1.68775359921155
1.69013372861918
1.69251436956421
1.69489553767153
1.69727723519398
1.69965948734929
1.70204228759844
1.70442559913667
1.70680943049576
1.70919381935246
1.71157875879559
1.71396423675843
1.71635023356294
1.71873673831328
1.72112375451531
1.72351128451003
1.72589932712152
1.72828788129837
1.73067694698909
1.73306652387733
1.73545661117165
1.73784720887836
1.74023840753193
1.74263021885595
1.74502261542952
1.74741564211557
1.74980932775982
1.75220365152748
1.75459855334354
1.7569940051613
1.75938998707333
1.76178648861664
1.7641835102641
1.76658105236567
1.76897911551122
1.77137769902491
1.77377680335104
1.77617645040771
1.77857665683739
1.78097742343182
1.78337877129087
1.78578066625565
1.78818307881459
1.79058600811105
1.79298945452951
1.79539343904858
1.79779795171754
1.80020297750036
1.80260851545459
1.80501456407048
1.80742112299837
1.80982818972261
1.81223576254446
1.81464383869791
1.81705241731633
1.81946149628905
1.82187107465503
1.8242811734459
1.82669180456508
1.82910298740037
1.83151470860201
1.8339269291055
1.83633963294194
1.8387528172407
1.84116647900202
1.84358061668287
1.84599522842726
1.8484103134584
1.85082589223586
1.85324197733358
1.85565854450405
1.85807560099691
1.8604931373713
1.86291113851218
1.86532960099901
1.86774852278865
1.87016790223388
1.87258773979904
1.87500803578468
1.87742879135008
1.87985000666376
1.88227167920195
1.88469380812854
1.88711639275315
1.88953943197811
1.89196292346117
1.89438686952554
1.89681127233319
1.89923613345495
1.90166145272119
1.90408722865567
1.90651345986198
1.90894014537118
1.91136728269779
1.91379486925248
1.91622290438808
1.91865138760002
1.92108031767574
1.92350969316455
1.92593951263929
1.92836977474003
1.93080047842492
1.93323162321651
1.9356632990587
1.93809551682315
1.9405282041448
1.94296133456611
1.94539490677794
1.94782892270469
1.95026338436944
1.95269829107448
1.95513364338074
1.95756943983255
1.96000567948283
1.9624423598249
1.96487947946625
1.96731703745094
1.96975503646074
1.97219347910677
1.97463236597156
1.97707169762326
1.97951147246934
1.98195168824375
1.98439234277326
1.9868334369252
1.98927497031364
1.99171696452804
1.99415940977834
1.99660229214274
1.99904560957555
2.00148936075613
2.00393354602487
2.00637816663449
2.00882324494547
2.01126877241921
2.01371473542119
2.01616115921048
2.01860805824502
2.02105543260978
2.02350325753609
2.02595152142334
2.02840022538851
2.03084936968101
2.03329895645011
2.03574898953708
2.03819947664464
2.04065049051761
2.04310218923713
2.04555457621056
2.04800756806869
2.05046120888923
2.05291554096752
2.05537047453831
2.05782591046557
2.06028182327132
2.0627382152478
2.06519510979091
2.06765254311581
2.07011050618982
2.07256898571218
2.07502795929698
2.07748741412406
2.07994735215721
2.08240777528571
2.08486868581213
2.08733008701241
2.08979197923499
2.09225436232466
2.09471723768767
2.09718060650813
2.0996444674093
2.10210881971663
2.10457366323987
2.10703899746776
2.10950484467712
2.11197121998172
2.11443810211962
2.11690547965888
2.11937335375732
2.12184172301507
2.12431058814639
2.12677994998449
2.12924980889315
2.13172016602146
2.13419102092342
2.13666237103443
2.13913421486892
2.14160655239351
2.14407938457536
2.14655270958178
2.1490265255165
2.15150083150694
2.15397562730182
2.15645091391727
2.1589266916801
2.16140296071214
2.1638797214304
2.16635697490834
2.16883472144261
2.17131296217078
2.17379170007115
2.17627093736488
2.17875067591699
2.18123091722218
2.18371166295384
2.18619291548989
2.18867467640303
2.19115694616146
2.19363972652586
2.1961230186166
2.19860682566546
2.20109115068363
2.20357599645974
2.20606136297331
2.20854725058285
2.21103366120374
2.21352059773463
2.21600806276426
2.21849605775914
2.22098458357575
2.2234736413709
2.22596323130463
2.22845335353617
2.23094400786428
2.233435194392
2.23592691337499
2.23841916425724
2.24091194777631
2.24340526386864
2.24589911283255
2.24839349452503
2.25088840940144
2.25338385750131
2.25587983920719
2.25837637841933
2.26087348815432
2.26337114426005
2.26586933443139
2.26836805907337
2.27086731962465
2.27336711635845
2.27586744972571
2.27836836582375
2.2808698441701
2.28337185714464
2.28587440503788
2.28837748953879
2.29088111131514
2.29338526957694
2.29588998611347
2.29839527171742
2.30090114854569
2.30340758097252
2.30591454233017
2.30842203164714
2.3109300458159
2.31343858239565
2.31594764067383
2.31845721837666
2.32096733940926
2.32347801655493
2.325989224304
2.3285009466607
2.33101318202729
2.33352593015027
2.33603919132371
2.33855296477461
2.34106725251773
2.34358205767998
2.34609738465376
2.34861323677929
2.35112961665995
2.35364654894162
2.35616407066987
2.35868219216451
2.36120088861153
2.36372014726426
2.36623994335889
2.36876026568859
2.37128111663976
2.37380249745562
2.37632440589986
2.3788468399509
2.38136980125038
2.3838932916281
2.38641731234632
2.38894186316166
2.39146694340248
2.39399255274459
2.39651869090569
2.3990453565583
2.40157254794428
2.40410026478004
2.40662850669902
2.40915729591572
2.41168661941786
2.41421646584382
2.41674683538193
2.41927772895015
2.42180917153105
2.42434115145641
2.42687365881697
2.42940669418061
2.43194025863572
2.43447435301535
2.43700897832046
2.43954413697716
2.44207983179265
2.44461606321226
2.44715283031486
2.44969013330027
2.45222797110597
2.45476634389181
2.45730525374597
2.45984470150738
2.46238468952574
2.46492521768466
2.46746628641279
2.47000789687662
2.47255004991929
2.47509274912493
2.47763599626636
2.48017981503399
2.4827241941571
2.48526912442885
2.48781460780511
2.49036064603324
2.49290724019041
2.49545438994535
2.49800209719469
2.50055036391041
2.50309919206972
2.50564858518787
2.50819854557099
2.51074907433113
2.51330017464325
2.51585187173788
2.51840417708174
2.52095706411716
2.52351051933251
2.52606456607329
2.52861921441068
2.53117443723915
2.53373022102887
2.53628656428893
2.538843466608
2.54140092515527
2.54395893711279
2.54651749996228
2.5490766122035
2.55163627233295
2.55419647939593
2.5567572309461
2.55931852341663
2.56188035700282
2.56444273366237
2.56700565385282
2.56956911723642
2.5721331237921
2.57469767392294
2.57726276635607
2.57982839889157
2.5823945693437
2.58496127514333
2.58752851514992
2.59009628680447
2.59266458789038
2.59523341649722
2.59780277139918
2.60037265091608
2.60294308112021
2.60551407305398
2.60808559993373
2.61065764699048
2.61323023691306
2.6158034297459
2.61837724953498
2.620951696804
2.62352669747097
2.62610221735928
2.62867825615963
2.63125481399937
2.63383189095364
2.63640948553113
2.63898759675184
2.64156622315154
2.64414536241469
2.64672501138161
2.64930516857916
2.65188583161517
2.65446700065412
2.65704867641755
2.65963085763021
2.66221354173911
2.66479672716971
2.66738041177215
2.66996459372559
2.67254927179143
2.67513444548818
2.67772011355291
2.68030627586749
2.68289293225089
2.68548008016963
2.68806771851174
2.69065584855437
2.69324446986821
2.69583358200448
2.69842318462108
2.70101327718093
2.70360386144797
2.7061949392785
2.70878653505287
2.71137863350182
2.71397124862632
2.71656439158694
2.71915803773574
2.72175217502685
2.72434680315019
2.72694197205307
2.72953772854311
2.73213408319465
2.73473096110934
2.73732835482843
2.73992625040109
2.7425246386072
2.74512352124645
2.74772289938883
2.75032277313068
2.75292314281748
2.75552400949849
2.75812537389589
2.76072723534104
2.76332959205751
2.76593244315892
2.76853578904037
2.77113962882442
2.77374395975978
2.7763487797735
2.77895408827584
2.78155988450119
2.78416616944043
2.78677294350266
2.78938020603986
2.79198795762759
2.79459619644079
2.79720492042742
2.79981412814456
2.80242381895153
2.80503399205219
2.80764464743991
2.81025578529884
2.81286740576565
2.81547950998231
2.81809209918141
2.82070522472634
2.82331885926481
2.82593298096795
2.82854759034334
2.83116268665979
2.83377827093845
2.8363943436707
2.83901090479357
2.84162795467463
2.84424549303185
2.84686351782728
2.84948202634731
2.85210101549722
2.85472048300678
2.85734042632855
2.85996084403966
2.86258173435897
2.86520309127897
2.86782491391358
2.87044720199143
2.87306995535203
2.87569317321623
2.87831685562156
2.88094102900305
2.8835657052108
2.88619088546534
2.88881654454327
2.89144267050742
2.89406926375835
2.89669632569005
2.89932385896272
2.90195186677453
2.90458035123884
2.90720931374046
2.90983875424494
2.91246867379107
2.9150990732083
2.91772995248414
2.92036131095649
2.92299314863897
2.92562546601614
2.9282582642148
2.9308915435719
2.93352530280757
2.93615954257837
2.93879426417665
2.94142946889169
2.94406515890188
2.94670133588736
2.94933799994297
2.95197515107599
2.95461279154934
2.95725092248882
2.95988954193976
2.96252864843496
2.96516824038955
2.96780831904537
2.97044888417681
2.9730899352566
2.97573147046906
2.97837348684778
2.98101598078048
2.98365895234298
2.98630240331245
2.98894633398211
2.99159074472638
2.99423563543607
2.99688100813715
2.99952689158464
3.00217332369902
3.00482031673562
3.00746787626454
3.0101160034225
3.01276472550912
3.01541402768093
3.01806387522944
3.02071426078786
3.023365186154
3.02601665272948
3.02866868849131
3.03132125184175
3.03397432285373
3.03662795531732
3.0392821952033
3.0419370026454
3.04459236038685
3.0472482471337
3.04990465935187
3.05256159764647
3.05521906305418
3.05787705457167
3.06053557011268
3.0631946072543
3.06585416351527
3.06851423706782
3.07117482706243
3.0738359360581
3.07649756628992
3.07915971841608
3.08182239202265
3.08448558754696
3.08714930405021
3.08981353919759
3.09247829190743
3.09514356310526
3.09780935362001
3.10047569123372
3.10314258541854
3.10581003369283
3.10847800943309
3.11114652786769
3.11381557103189
3.11648512771782
3.11915519625038
3.12182577451388
3.12449686027604
3.12716845373106
3.12984055275153
3.13251315468196
3.13518631100527
3.13786001520984
3.14053425440275
3.14320900065813
3.14588424069013
3.14855999823475
3.15123628201805
3.15391308983902
3.15659041872563
3.15926826583025
3.161946627533
3.16462547559681
3.16730479792778
3.16998459439772
3.17266486380412
3.17534560254886
3.17802680820386
3.18070847807912
3.18339061086127
3.1860732063009
3.18875626275633
3.19143977842651
3.19412375101107
3.19680818022523
3.19949306548374
3.20217840614889
3.20486420247569
3.20755045431578
3.21023716242365
3.21292432771631
3.21561194881542
3.21830007681558
3.22098873043222
3.22367785594685
3.22636743268736
3.22905745814425
3.231747931762
3.23443885297418
3.2371302211682
3.2398220372081
3.24251430218823
3.245207016304
3.24790017887475
3.25059378691874
3.25328783744075
3.25598232797069
3.25867725640608
3.26137262254573
3.26406842810637
3.26676467487959
3.26946136237467
3.27215848999258
3.27485605591247
3.27755405978619
3.28025250087027
3.28295137956076
3.28565069605378
3.28835045029289
3.29105064333458
3.29375127512731
3.29645234463009
3.29915385149948
3.30185579852225
3.30455821555683
3.30726116736079
3.30996480800654
3.31266905606877
3.31537407821615
3.31807979637808
3.32078610035361
3.32349296988336
3.32620035249576
3.32890820368486
3.33161654113949
3.33432542908868
3.33703501346669
3.3397453563782
3.34245627568525
3.34516769712239
3.34787962299457
3.35059205493151
3.35330496690434
3.35601837473971
3.35873226042635
3.36144664136194
3.36416158152483
3.3668771013594
3.36959320045225
3.37230987994674
3.37502714071742
3.37774511567804
3.38046401832284
3.38318379775042
3.38590447080963
3.38862616609415
3.3913493438851
3.39407443269715
3.39680166865138
3.39953102391041
3.40226223438435
3.40499538768997
3.4077306368291
3.41046814441053
3.41320803625637
3.41595052699901
3.41869574212636
3.42144375611573
3.42419503915567
3.42694973100214
3.42970787037106
3.43246932146827
3.43523402071353
3.43800228885877
3.44077436940156
3.44355036984302
3.44633031336111
3.44911430526049
3.45190225472963
3.45469408516856
3.45748983717752
3.4602897693995
3.46309387023241
3.4659018627077
3.46871379425184
3.47153003668906
3.47435105473951
3.47717700910399
3.48000796440549
3.48284383522777
3.48568453584294
3.4885298440282
3.49137971318922
3.49423439795935
3.49709393647565
3.49995828487309
3.50282719693103
3.50570060970231
3.50857848535766
3.51146074949552
3.51434756488844
3.51723931738808
3.52013626798608
3.52303844077084
3.52594559332573
3.52885747248755
3.53177416413481
3.53469590563608
3.53762261168938
3.54055390235345
3.54348928749675
3.54642863532399
3.54937194914393
3.55231952032684
3.55527142897045
3.55822766318549
3.56118806452118
3.56415281073531
3.5671219370159
3.57009563492179
3.57307414675117
3.5760573115073
3.57904497281185
3.58203691333585
3.58503320963159
3.58803400817911
3.59103942955537
3.59404949991985
3.59706368721877
3.60008168796819
3.60310327633521
3.60612819779698
3.60915640723392
3.61218799231855
3.61522300965428
3.61826138479936
3.62130319486305
3.62434864058238
3.62739780204977
3.63045044777001
3.63350640686682
3.6365656247309
3.639628120304
3.64269379202748
3.64576241422733
3.64883373237277
3.6519078674204
3.65498489161156
3.6580649111517
3.66114796975399
3.66423398695304
3.66732274266772
3.67041428384346
3.67350865701721
3.67660607534362
3.67970674786749
3.6828108300167
3.68591833380765
3.68902898464853
3.69214247395911
3.69525867101753
3.69837761460359
3.70149951001404
3.70462431620619
3.70775207835262
3.71088277401832
3.71401633082458
3.71715269959983
3.7202916550376
3.72343314498969
3.72657731372472
3.72972419076461
3.73287379460895
3.73602608475252
3.73918096405449
3.74233826357928
3.74549764093492
3.74865890996669
3.75182196545483
3.75498680468049
3.75815341132645
3.76132172108801
3.76449176998199
3.76766354722218
3.77083710120532
3.77401236371841
3.77718936071119
3.7803680846772
3.78354825226473
3.78672988231078
3.78991289818486
3.7930971822085
3.79628259617649
3.79946910379214
3.80265675990049
3.80584571648338
3.80903596480848
3.81222737757968
3.81541958509213
3.81861256805707
3.82180638061581
3.82500114107428
3.82819702192417
3.83139411993995
3.83459245143841
3.83779198701547
3.84099266181943
3.84419429288955
3.84739677058257
3.8506000764187
3.85380423957773
3.85700921367605
3.86021489799001
3.86342121074566
3.86662819128607
3.86983582991521
3.87304414735524
3.87625320873094
3.87946308611898
3.88267365787967
3.88588490540553
3.88909680657892
3.8923093497104
3.89552256075403
3.89873647643599
3.9019510772286
3.90516627268053
3.90838203619291
3.91159836903637
3.9148153545673
3.91803304565947
3.92125142402479
3.92447039752614
3.92768997040196
3.93091015021908
3.93413091054085
3.93735224331034
3.94057414802832
3.94379662557611
3.94701967496304
3.9502432967217
3.95346748914095
3.95669225109273
3.95991758210637
3.96314350886825
3.96637001175125
3.96959708030376
3.97282471172785
3.97605290409166
3.97928165683303
3.98251096968847
3.98574084273237
3.98897127602507
3.9922022690957
3.99543382201951
3.99866593358321
4.00189860336623
4.00513183107718
4.0083656973525
4.0116001979068
4.0148352659181
4.01807088184398
4.02130704402189
4.02454375189653
4.02778100376791
4.03101879846962
4.0342571354655
4.03749601588379
4.04073546720417
4.04397546984548
4.04721604214655
4.05045716595824
4.05369883301281
4.05694104426136
4.06018379845193
4.06342709176073
4.0666709220046
4.06991528759066
4.07316018808281
4.0764056236429
4.07965159515194
4.08289810118652
4.08614513958598
4.08939270865392
4.09264080510244
4.09588942646355
4.09913857343527
4.10238824474447
4.10563849326771
4.10888927872618
4.1121405823596
4.11539240200428
4.11864473527782
4.12189758126672
4.12515093884655
4.12840480773281
4.13165918862322
4.13491408109181
4.13816948504759
4.14142545601233
4.14468198175637
4.14793902186817
4.15119656378932
4.15445460536496
4.15771314561418
4.16097221132875
4.16423178145586
4.1674918481214
4.17075241168613
4.17401347113695
4.17727502432823
4.18053706690894
4.18379959479753
4.18706260280959
4.19032614229801
4.1935902010322
4.19685482455715
4.20012000454509
4.2033856743811
4.20665181911902
4.20991843724919
4.21318552978345
4.21645309728663
4.21972113747775
4.22298964810113
4.22625862921555
4.22952808075498
4.23279800233251
4.23606839392389
4.23933925479535
4.24261058445023
4.24588238187614
4.24915470324697
4.25242750920453
4.25570078410217
4.25897452796609
4.26224874271778
4.26552343033644
4.26879859544931
4.27207424189744
4.27535037256703
4.27862698923308
4.28190409429706
4.28518169213029
4.28845978336686
4.29173836545891
4.29501746427259
4.2982970582641
4.3015771392219
4.30485770599766
4.30813878451031
4.3114203570865
4.31470247129242
4.31798514227175
4.32126834147973
4.32455203251047
4.32783620785762
4.3311208667008
4.33440600908416
4.33769163481082
4.34097782987071
4.34426458856996
4.34755184535127
4.35083958640914
4.35412781101721
4.3574165439881
4.36070579554835
4.36399556587892
4.3672858551941
4.37057663742116
4.37386790465579
4.37715965762219
4.38045189644158
4.38374462030352
4.38703782749036
4.39033151638153
4.39362568600071
4.39692033607
4.40021546858039
4.4035110828665
4.40680717892619
4.41010375696946
4.41340081849461
4.4166983642175
4.41999639577941
4.42329491425161
4.42659391971107
4.42989341222793
4.43319339128682
4.43649385594134
4.43979480799294
4.44309624709043
4.44639817559118
4.44970059340779
4.45300349991874
4.45630689672499
4.45961078538403
4.4629151674229
4.46622004573776
4.46952542046538
4.47283129141417
4.47613766010042
4.47944452802296
4.48275189516106
4.48605976239125
4.48936813143793
4.49267700538376
4.49598638811069
4.49929628352506
4.50260669590763
4.50591762867399
4.50922908585187
4.51254107201245
4.51585359258943
4.51916665102455
4.52248025135159
4.52579439686817
4.52910909035306
4.53242433309372
4.53574012546819
4.53905646826235
4.54237336252423
4.54569081035222
4.54900881533216
4.55232738018454
4.55564653233874
4.55896625601705
4.56228654163627
4.56560738901027
4.5689287986216
4.57225077141985
4.57557331039415
4.57889641574038
4.58222008838681
4.58554432906243
4.58886913607262
4.59219450796776
4.59552044402138
4.59884694259986
4.60217400311843
4.6055016248477
4.60882980646954
4.61215854634247
4.61548784232712
4.61881769455549
4.62214810400103
4.62547907112925
4.62881059456473
4.63214267389863
4.63547531202618
4.63880850878659
4.64214226429737
4.64547657865297
4.64881145229932
4.65214688511918
4.65548287750817
4.65881942963258
4.66215654128913
4.66549421098965
4.66883243912945
4.67217122791548
4.67551057732593
4.67885048806112
4.68219095961014
4.68553199309994
4.68887359147077
4.6922157552365
4.69555848292655
4.69890177254537
4.70224562187864
4.70559002722305
4.70893498509467
4.71228049119398
4.71562654404279
4.7189731394837
4.72232027713219
4.72566795907405
4.72901618503625
4.7323649559793
4.73571427351678
4.73906414165412
4.74241456405156
4.74576554341858
4.74911708190236
4.75246918220937
4.75582184797113
4.75917508166661
4.76252888493036
4.76588325831455
4.76923820202058
4.77259371515571
4.77594979701578
4.77930644611851
4.78266366063397
4.78602144048207
4.78937978482085
4.79273869390343
4.79609816699937
4.79945820426505
4.80281880728587
4.80617997918252
4.80954172377612
4.81290404535397
4.81626694631645
4.81963042615717
4.82299448563849
4.82635912473043
4.8297243427031
4.83309014018712
4.83645651725728
4.83982347426164
4.84319101193845
4.84655912997743
4.84992782603046
4.85329709952554
4.85666695163183
4.86003738274066
4.86340839514885
4.86677999382335
4.87015218067256
4.87352495234481
4.87689830741973
4.88027224895998
4.88364677977183
4.8870219012522
4.89039761411049
4.89377391977532
4.89715081997668
4.90052831469386
4.90390640318208
4.90728508733577
4.91066436874748
4.91404424920485
4.91742472901832
4.92080581006167
4.92418749451574
4.92756978651527
4.93095268871147
4.9343362052288
4.93772034148727
4.94110509674546
4.94449047043991
4.94787646113167
4.95126306775993
4.95465029212937
4.95803813783049
4.96142660830384
4.96481570335449
4.96820542096704
4.97159575884782
4.97498671329154
4.97837828111981
4.98177046181895
4.98516325390006
4.98855665884754
4.99195067731086
4.99534530887114
4.99874055413766
5.00213641360661
5.0055328899808
5.00892998563881
5.01232770385556
5.01572604706092
5.01912501739466
5.02252461745645
5.02592484907742
5.029325714164
5.03272721288034
5.0361293476233
5.03953212223725
5.04293554049734
5.04633960484227
5.04974432000607
5.05314968968589
5.05655571564436
5.05996240084167
5.06336974754144
5.06677775808055
5.07018643504081
5.07359577947807
5.07700579249183
5.0804164736216
5.08382782337424
5.08723984136321
5.09065252826001
5.09406588704961
5.09747992130745
5.10089463244574
5.10431002555497
5.10772610659772
5.11114287726545
5.11456034065602
5.11797849877774
5.1213973535042
5.12481690510451
5.12823715304271
5.1316580979016
5.13507973895542
5.13850207501281
5.14192510649877
5.1453488280261
5.14877323261541
5.15219831657559
5.1556240795213
5.15905052065337
5.16247763984505
5.16590543692599
5.16933391012053
5.17276306048402
5.17619288739887
5.17962339392179
5.18305458187114
5.18648645481546
5.18991901438637
5.19335226561093
5.19678621155081
5.20022085706155
5.20365620797989
5.2070922667361
5.21052903685024
5.2139665224693
5.2174047265533
5.2208436531469
5.22428330636293
5.22772369116614
5.23116481284489
5.23460667759031
5.23804929143147
5.24149266019632
5.2449367861611
5.24838167362085
5.25182732732649
5.25527375004109
5.2587209440489
5.26216891311942
5.26561765850932
5.2690671797152
5.27251747652915
5.27596854981217
5.2794203983414
5.28287301968295
5.2863264154908
5.28978058823043
5.29323554161601
5.29669130595614
5.30014789526985
5.30360528585564
5.3070634713015
5.31052245535361
5.31398224242655
5.31744283411894
5.32090423380316
5.32436644257369
5.32782946158289
5.3312932915497
5.33475793387836
5.33822338966225
5.34168965981066
5.3451567474252
5.34862465632716
5.35209339146347
5.35556295652618
5.3590333528974
5.36250458382264
5.36597665310141
5.36944956471211
5.37292332369057
5.376397934093
5.37987340430265
5.3833497441168
5.3868269597687
5.39030505418323
5.39378403073217
5.39726389191917
5.40074464111283
5.40422628125018
5.40770881619517
5.41119224955513
5.41467658476168
5.41816182309614
5.42164796811537
5.42513502355378
5.42862299246272
5.43211187602978
5.43560167469501
5.43909238846708
5.44258401803998
5.44607656498679
5.4495700313556
5.45306441805422
5.45655972644507
5.46005595759963
5.46355311253157
5.46705119163758
5.47055019515131
5.47405012227608
5.47755097051253
5.48105274178782
5.48455543996565
5.48805906851487
5.49156363040834
5.49506912962719
5.49857556605144
5.50208293721072
5.50559124061486
5.50910047634818
5.51261064514571
5.51612174729416
5.51963378218422
5.52314674883537
5.52666064818153
5.530175481154
5.53369124826656
5.53720794788518
5.54072558154271
5.54424415024796
5.54776365355049
5.55128409245368
5.55480546523931
5.55832777258527
5.56185101233878
5.56537518091112
5.56890027697117
5.57242629947248
5.57595324717391
5.57948111854938
5.58300991177366
5.58653964947275
5.59007033658852
5.59360194190184
5.5971344539958
5.60066789778639
5.60420225143448
5.60773750111402
5.61127364182113
5.61481067268418
5.61834859164064
5.62188742526656
5.62542715504843
5.62896777270116
5.63250927776029
5.63605166713187
5.63959499258991
5.64313932461256
5.64668462638506
5.65023088015357
5.65377805957127
5.65732615814908
5.66087515000912
5.6644250242317
5.66797577801035
5.67152740755933
5.67507991097271
5.67863328730836
5.68218753696502
5.68574266060217
5.68929865864968
5.69285553036162
5.696413277963
5.69997190168406
5.70353140289002
5.70709178154371
5.71065303975569
5.71421517937527
5.71777820266384
5.72134211119918
5.72490690614492
5.72847258723852
5.73203915437665
5.73560660828056
5.73917495230832
5.74274421373547
5.74631445593357
5.74988569856945
5.75345791537543
5.7570310969795
5.76060524151864
5.76418029302526
5.76775623316023
5.77133306078944
5.77491077640105
5.77848937822214
5.7820688628485
5.78564922899036
5.78923047245768
5.79281258921897
5.79639557879234
5.79997944115844
5.80356417375664
5.80714977422733
5.8107362410821
5.81432357437408
5.81791177544182
5.82150084579392
5.82509078423431
5.82868158969818
5.83227325999032
5.83586579396347
5.83945918932926
5.84305344480848
5.84664855891929
5.85024452809344
5.85384135087011
5.85743902555997
5.86103755061739
5.86463692500722
5.8682371456592
5.8718382105746
5.87544011834064
5.87904286793365
5.88264645772142
5.88625088632855
5.88985615221821
5.89346225395856
5.89706918842873
5.9006769548009
5.9042855531331
5.90789498345844
5.9115052456563
5.91511634071524
5.918728269995
5.92234103590124
5.92595463841453
5.92956907918506
5.93318435835821
5.93680047679535
5.94041743427973
5.94403523012604
5.94765386645249
5.95127334306191
5.95489365931947
5.95851481564373
5.96213681121659
5.96575964448921
5.96938331468624
5.97300781857706
5.97663315317562
5.98025931596978
5.98388630429773
5.98751411668434
5.99114275291414
5.99477221479396
5.99840250241124
6.0020336156032
6.0056655518765
6.00929831151436
6.01293189367482
6.01656629889308
6.02020152590973
6.02383757348525
6.02747444124411
6.03111212674538
6.03475062779143
6.03838994157068
6.04203006686904
6.04567100447993
6.04931275411133
6.05295531313532
6.05659868003522
6.06024284964413
6.0638878175004
6.06753357899068
6.07118013061565
6.07482747188475
6.07847560187535
6.08212452153236
6.08577423126537
6.08942473112711
6.09307602186916
6.09672810467002
6.10038098111164
6.10403465275625
6.10768912010316
6.11134438352015
6.1150004424325
6.11865729709388
6.12231494557119
6.12597338420227
6.12963261144281
6.13329262753601
6.13695343211545
6.14061502453363
6.14427740457833
6.14794057242207
6.15160452987075
6.15526927932954
6.15893482292576
6.16260116179262
6.16626829842992
6.16993623493845
6.17360497309519
6.17727451369017
6.18094485775617
6.18461600634417
6.18828796102376
6.19196072119394
6.19563428609055
6.19930865431955
6.20298382276814
6.20665978943861
6.21033655297105
6.21401411236607
6.21769246703038
6.22137161782946
6.22505156536987
6.22873231040109
6.23241385277707
6.23609619277092
6.23977932955953
6.24346326412017
6.24714799893393
6.25083353507563
6.2545198725677
6.25820701192932
6.26189495425371
6.26558370222682
6.2692732597405
6.2729636305159
6.27665481801773
6.28034682570806
6.28403965651281
6.28773331328072
6.29142779628441
6.29512310662961
6.29881924414992
6.30251621320683
6.30621401730888
6.30991265838411
6.31361213815924
6.31731245786369
6.3210136196567
6.32471562611565
6.32841847936428
6.332122182579
6.33582673964742
6.33953215368863
6.34323842938736
6.34694557177477
6.35065358504882
6.35436247421833
6.35807224299857
6.36178289469521
6.36549443307056
6.36920686080396
6.37292017993496
6.37663439261759
6.38034950211565
6.38406551147501
6.38778242331728
6.39150023972127
6.39521896132589
6.3989385902265
6.4026591294256
6.40638058311299
6.41010295631463
6.41382625386277
6.4175504807988
6.42127564349516
6.42500174542112
6.4287287941661
6.43245679637693
6.43618575831796
6.43991568627687
6.44364658649461
6.44737846454414
6.45111132433263
6.45484517036496
6.45858003237336
6.46231589696272
6.46605276119584
6.4697906836233
6.47352979532652
6.47727016315361
6.48101185472785
6.48475492295721
6.488499383514
6.49224518724998
6.49599229543591
6.4997407327599
6.50349053933874
6.50724175739526
6.51099445757464
6.5147488306548
6.51850498263251
6.52226296400773
6.52602275927167
6.52978425320239
6.53354738339581
6.53731214160066
6.54107855537927
6.54484671633529
6.54861673493214
6.55238869636769
6.55616267512065
6.55993874647315
6.56371690070489
6.56749715958261
6.57127958972333
6.57506423982668
6.5788511781448
6.58264048017689
6.58643219431189
6.59022638854799
6.5940231432169
6.59782253766384
6.60162461203006
6.60542936856508
6.60923678063056
6.61304684195875
6.61685958029075
6.62067512477532
6.62449363045792
6.62831521038982
6.63213994432744
6.63596784701602
6.63979894997501
6.64363338291925
6.64747108232843
6.65131203582906
6.65515632734314
6.65900407432577
6.66285554052705
6.666710812696
6.67056982472995
6.67443263196724
6.67829931126969
6.68216996069838
6.68604468806465
6.68992384612656
6.69380778025898
6.69769659097283
6.70159019453962
6.70548873896553
6.70939249947018
6.71330173808622
6.71721649784913
6.72113651049298
6.72506151088356
6.72899136773824
6.73292611013873
6.73686627957341
6.74081233464369
6.74476456925557
6.74872265081371
6.7526863323295
6.75665502154811
6.76062828790632
6.76460640713151
6.76858963389998
6.77257776557706
6.77657064619013
6.78056809936884
6.78456988011394
6.78857626121988
6.79258748758047
6.79660358225331
6.80062451913207
6.80465018916043
6.80868056752661
6.81271587522083
6.81675656366122
6.82080300443757
6.82485501866134
6.82891243943032
6.83297546980094
6.8370444661492
6.84112011330693
6.84520286643246
6.84929259506972
6.85338896448358
6.8574921483477
6.86160243360685
6.86571973886856
6.86984392377568
6.87397480598049
6.87811229485147
6.88225650805616
6.88640739597858
6.89056502209951
6.89472935209998
6.89890040526747
6.90307840593405
6.90726348350845
6.91145575726255
6.91565531545669
6.91986304291207
6.92408006038828
6.92830684222047
6.93254362577588
6.93679011619426
6.94104582225906
6.94531115819418
6.94958663657464
6.95387315928123
6.95817132918775
6.9624811158882
6.96680202519398
6.9711341092948
6.97547762158412
6.97983250749068
6.98419872716772
6.98857621000714
6.99296510343948
6.99736543362636
7.00177753791993
7.00620143538903
7.01063696366257
7.01508399578571
7.01954279630995
7.02401354224986
7.02849643245193
7.03299156256564
7.03749934580205
7.04201986120992
7.04655352897168
7.05110069521254
7.05566149961018
7.06023572651868
7.06482353213159
7.06942514918057
7.07404040842905
7.07866958026164
7.0833129144745
7.08797083471789
7.09264334509614
7.09733048702102
7.10203238748592
7.10674890219013
7.11147954718918
7.11622419542726
7.12098256543607
7.12575487500869
7.13054084837491
7.13534052323701
7.14015385588744
7.14498087025629
7.14982135241342
7.15467488545677
7.15954129684842
7.16442050453526
7.1693131073882
7.17421915836523
7.17913904799437
7.18407268532446
7.18901974086492
7.1939800749864
7.19895369065162
7.20394049195007
7.20894024387412
7.21395306985595
7.21897885477794
7.22401773113548
7.22906943464028
7.23413410796922
7.23921222659554
7.24430405581681
7.24940931834314
7.25452798894864
7.25965910512422
7.26480279149956
7.2699586944018
7.27512635479833
7.28030575919346
7.28549702323701
7.29070044618244
7.29591654894182
7.30114550688729
7.30638690681923
7.31164051982097
7.31690623506092
7.3221842331701
7.3274752018301
7.33277884509019
7.33809533377417
7.34342500860129
7.34876812195685
7.35412449783739
7.35949414107317
7.36487693949417
7.37027297484889
7.37568215863929
7.38110455099552
7.38654028433672
7.39198964556881
7.3974528018021
7.40292917204581
7.40841832297735
7.41391995967256
7.41943404883148
7.4249608532288
7.43050094368276
7.43605424496597
7.44162028852411
7.44719894208503
7.45279020149964
7.45839406864432
7.46401018347771
7.46963864268141
7.47527981237852
7.48093399769826
7.4866013452896
7.49228160246577
7.49797465228226
7.50368044628686
7.50939964731046
7.51513245383192
7.52087866624748
7.5266379335416
7.5324103593805
7.5381960015963
7.5439943200844
7.54980504896673
7.55562774971175
7.56146244299369
7.56730922762794
7.57316858307797
7.57904132916856
7.58492762045483
7.59082741600936
7.59673996337689
7.6026651316452
7.60860296955366
7.61455354416507
7.6205171403299
7.62649379511085
7.63248325197097
7.63848562528643
7.6445011897104
7.65052992246335
7.65657196902503
7.66262685702975
7.6686944708454
7.67477515140252
7.68086884284818
7.68697517607111
7.69309415834084
7.69922573033366
7.70537022964099
7.71152799098552
7.71769884062632
7.72388262412275
7.730079365023
7.736288989958
7.74251136269446
7.74874644145867
7.75499436435127
7.76125534337646
7.76752929042016
7.77381617280566
7.78011612928528
7.78642920485702
7.79275523802503
7.79909423105366
7.80544622993595
7.81181108252546
7.81818878252943
7.82457950620346
7.830983258509
7.83739961481348
7.84382834207722
7.85026907250159
7.85672178949028
7.86318644663243
7.86966298526235
7.87615105108047
7.88265076687907
7.88916175611466
7.8956842503617
7.90221870678702
7.90876487492996
7.91532244094563
7.9218912594014
7.92847139993678
7.93506293741691
7.94166579566911
7.9482800368573
7.95490577788808
7.96154287339359
7.96819142722289
7.97485157793178
7.98152344076608
7.98820743421365
7.99490353721429
8.00161164249437
8.00833176986749
8.01506379721754
8.02180790161724
8.02856405791033
8.03533216055691
8.04211205395772
8.04890371350365
8.05570712252681
8.06252259278794
8.06935006027076
8.07618923738927
8.08303974592881
8.08990188651832
8.09677579457191
8.10366150458642
8.11055891223269
8.1174682510539
8.12438960031752
8.13132309739669
8.13826850575081
8.1452257115305
8.15219471208372
8.15917548417915
8.16616801554149
8.17317243928817
8.18018927851935
8.18721898221694
8.19426147123003
8.20131702654763
8.20838621974332
8.21546904013429
8.22256519048636
8.22967438641457
8.23679692375664
8.24393285080856
8.25108239048453
8.25824540564131
8.26542190000087
8.27261189675569
8.27981544445994
8.28703254672123
8.29426310384045
8.30150711703296
8.30876494626236
8.31603647035694
8.32332138318641
8.3306196429532
8.33793105488851
8.34525558047783
8.352593358425
8.35994449571631
8.3673086915963
8.37468549820469
8.38207489750571
8.38947702824129
8.39689182004906
8.40431938088756
8.41175932941652
8.4192115638366
8.42667629057198
8.43415309036
8.44164177722563
8.44914236130277
8.45665468678024
8.46417861988213
8.4717142638224
8.47926172440208
8.48682104345665
8.4943918791446
8.50197438314262
8.50956850234041
8.51717381437225
8.52479035992976
8.53241813355779
8.54005704606687
8.54770692134092
8.55536785376584
8.56304005494701
8.57072344922607
8.57841799184191
8.58612356771401
8.5938402094235
8.60156799449611
8.60930699302074
8.61705764838467
8.62482011401832
8.63259397961049
8.64037894574233
8.64817526054438
8.65598299814167
8.6638022828943
8.67163336676921
8.67947613640057
8.68733055394456
8.69519648463611
8.7030739179818
8.71096244878536
8.71886202452982
8.72677279453117
8.73469454173055
8.74262681707611
8.75056976266606
8.7585239913245
8.76648950393639
8.77446612775831
8.78245375426886
8.79045209057365
8.79846091969783
8.8064805005395
8.81451082446883
8.8225520316582
8.83060433798612
8.83866767475684
8.84674201196165
8.85482723819941
8.86292283449968
8.87102884348465
8.87914530228758
8.88727262546359
8.89541121350147
8.90356100878353
8.9117221120978
8.91989431672793
8.9280773634561
8.9362712493809
8.9444758876981
8.95269173859245
8.96091891594471
8.96915746244785
8.9774074848744
8.98566874680594
8.99394113486801
9.00222468212148
9.01051931628722
9.01882453384838
9.02714030248775
9.03546700477532
9.04380454599706
9.05215246640616
9.06051040697827
9.06887809823657
9.07725549688352
9.08564296356381
9.09404044836131
9.10244790891421
9.11086498453546
9.11929142249469
9.12772746315464
9.13617346887225
9.14462914171084
9.15309455552217
9.16157006648469
9.17005549448747
9.17855049025232
9.18705519656318
9.19556965799738
9.20409402980773
9.21262849694055
9.2211728546588
9.22972706608237
9.23829154941818
9.24686654879404
9.25545195160534
9.26404754288467
9.27265326268799
9.28126871803098
9.28989411545201
9.29852971899714
9.30717552636242
9.31583147452229
9.32449766955552
9.33317403546423
9.34186015033914
9.35055624004973
9.35926233626648
9.36797873138391
9.37670510280515
9.38544133944122
9.39418727357528
9.40294274397846
9.41170802199385
9.42048312155683
9.42926815030622
9.43806324366772
9.44686884012791
9.45568489629273
9.46451110613742
9.47334717567324
9.48219273864952
9.49104797907781
9.49991311452062
9.50878839201206
9.51767377208341
9.52656901315868
9.53547367100595
9.54438743651943
9.55331005269537
9.56224158038613
9.57118246363282
9.58013284441021
9.58909296219993
9.59806282327231
9.60704179258479
9.61602950959023
9.62502560090136
9.63403008453514
9.64304275477501
9.652063536972
9.66109281511022
9.67013145396026
9.67917944623404
9.68823656852276
9.69730213901642
9.70637560580745
9.7154573519258
9.72454739436789
9.73364590472769
9.74275309164738
9.75186843622805
9.76099175483719
9.77012335711922
9.77926340098818
9.7884119680161
9.79756855961716
9.80673292362001
9.81590506154993
9.82508460598049
9.83427166595756
9.84346652258828
9.85266954635671
9.86188067060728
9.8711002875399
9.880328115719
9.8895638320932
9.89880742801075
9.90805865255703
9.91731774654125
9.92658472747886
9.93585955767427
9.94514227348152
9.95443274048624
9.96373079640232
9.97303644801896
9.98234977856302
9.99167072203304
10.0009992084796
10.0103351261916
10.0196786464081
10.029029741182
10.0383885199326
10.0477549227796
10.0571290255447
10.0665103898504
10.0758989741784
10.0852947152862
10.094697752107
10.1041081930637
10.1135260437466
10.1229514519372
10.132384205651
10.1418243713219
10.1512720257713
10.160727282283
10.1701899716963
10.1796600242108
10.1891375189804
10.1986225965656
10.2081153288939
10.2176156862908
10.2271236361899
10.2366392548408
10.2461626506859
10.2556937498596
10.2652326920764
10.2747794482859
10.2843338017395
10.2938956415451
10.3034646116561
10.3130405205458
10.3226233631122
10.3322130312816
10.341809482664
10.3514128255928
10.3610231716064
10.3706405613186
10.380264926082
10.3898962926046
10.3995346980926
10.4091798957618
10.4188321700839
10.4284915903247
10.4381579754936
10.4478312878233
10.457511487615
10.4671987562155
10.4768932698697
10.4865949942921
10.4963040338023
10.5060203545119
10.5157439892499
10.5254748666414
10.5352129458071
10.5449580479946
10.5547102050815
10.5644694866592
10.574235965196
10.584009711845
10.5937908733712
10.6035797785101
10.6133763956992
10.6231806135775
10.632992529096
10.6428121101783
10.6526392842577
10.6624739410814
10.6723162634193
10.682166361078
10.6920242741382
10.7018897173467
10.7117627287718
10.7216432678001
10.731531516234
10.7414274710045
10.7513309978165
10.7612422702955
10.7711614722577
10.7810886761489
10.7910237763102
10.8009671660697
10.8109187467234
10.8208788483107
10.8308476160517
10.8408248407156
10.8508105944201
10.8608050525457
10.870808160492
10.8808197323989
10.8908398388775
10.9008686977497
10.9109061365254
10.9209519820399
10.9310061598895
10.9410687766079
10.951139512651
10.9612184389297
10.97130594662
10.9814019762087
10.99150651978
11.0016197508101
11.0117413918897
11.0218716304141
11.0320103240109
11.042157471827
11.0523131477163
11.0624773147424
11.0726500796127
11.0828315882721
11.093021769037
11.1032204735927
11.1134274157601
11.1236426224804
11.1338662790537
11.1440987442904
11.1543397671446
11.1645892727171
11.1748473287253
11.1851141179185
11.1953894255332
11.205673569458
11.2159663414415
11.2262677714856
11.2365780408172
11.2468971901203
11.257225187357
11.267561958851
11.2779073579404
11.2882610601726
11.2986230973626
11.308993870405
11.3193732970799
11.3297613647072
11.3401579324312
11.3505630414714
11.3609768121506
11.3713992367092
11.3818301680842
11.3922693894524
11.4027167924039
11.4131722712847
11.4236359619941
11.434107728268
11.444587492099
11.455075147524
11.4655705546013
11.4760734334282
11.4865837391186
11.4971015837024
11.5076268308021
11.5181592273736
11.5286985935093
11.539245075777
11.5497985344198
11.5603587553554
11.5709258247058
11.5814996924577
11.5920803716108
11.6026677959162
11.6132617908609
11.6238625386205
11.6344700072626
11.6450843451813
11.6557057688344
11.6663341318175
11.676968972565
11.6876101372216
11.6982576009216
11.7089117696753
11.7195726169851
11.7302402114021
11.7409144104396
11.7515952538462
11.7622824177318
11.7729760817954
11.7836763162467
11.7943829402829
11.8050957363308
11.8158145990642
11.8265396411145
11.8372706444784
11.8480076463496
11.8587507552739
11.8694999316999
11.880255209491
11.8910167310013
11.9017843958565
11.9125582771803
11.9233383461475
11.9341248610582
11.9449177066305
11.9557167742948
11.9665219219419
11.9773328344447
11.9881495803572
11.998972087722
12.0098005063001
12.0206345517006
12.0314745785183
12.0423207723207
12.0531734605038
12.0640322564785
12.0748973774407
12.0857688880884
12.0966466912563
12.1075310524326
12.1184218659146
12.1293189196962
12.1402223900242
12.151132428631
12.162048958729
12.1729715532233
12.1839002202802
12.1948354020613
12.2057774620282
12.2167264057019
12.2276818929385
12.2386437355476
12.2496115495836
12.2605853024042
12.2715652528136
12.2825514702707
12.2935438050192
12.3045419319578
12.3155458992811
12.3265562154889
12.3375730894636
12.3485963333708
12.3596255867834
12.3706607829164
12.3817018197848
12.3927488052054
12.4038018100202
12.4148606900852
12.4259253440421
12.4369958412404
12.4480719928083
12.4591535822748
12.4702405817248
12.4813333826432
12.4924319802526
12.5035361363457
12.5146459918769
12.5257614732985
12.536882689037
12.5480095648525
12.5591420325014
12.5702799092729
12.5814229430519
12.5925709909143
12.6037240169711
12.6148820217172
12.6260452967072
12.6372138245808
12.6483879264952
12.6595675167698
12.6707521460068
12.6819421027273
12.6931375729227
12.7043385579436
12.7155449034942
12.7267563954904
12.7379731800113
12.7491954360888
12.7604227628353
12.7716550502497
12.7828921594542
12.7941341951601
12.8053811588214
12.8166329119968
12.8278895898986
12.8391508976895
12.8504167289235
12.8616872652146
12.8729624744944
12.884242497473
12.8955273758225
12.9068169875596
12.9181109663984
12.929408961978
12.9407110305518
12.9520169524928
12.9633266575778
12.9746401577512
12.9859578136045
12.9972799398811
13.0086066005495
13.0199377336688
13.0312734682182
13.0426135499447
13.0539579804067
13.0653067565981
13.0766599619437
13.0880177759946
13.0993800395734
13.1107475528304
13.1221209777766
13.1334999741892
13.1448841472875
13.1562734299053
13.167668093293
13.1790675598279
13.1904712939404
13.2018795443413
13.2132923134513
13.2247100244744
13.2361326083559
13.2475598556374
13.2589920482812
13.2704289749686
13.2818710424559
13.2933177127442
13.3047688501693
13.3162243952538
13.3276841050229
13.3391480119363
13.3506159944952
13.3620883782992
13.3735654298301
13.3850469350998
13.3965329729657
13.4080232674618
13.4195177379272
13.4310164520615
13.4425194850702
13.4540270113053
13.4655385254767
13.4770545352253
13.4885753231113
13.5001008197094
13.5116310105539
13.5231656551926
13.5347048249803
13.5462484227576
13.5577965849794
13.5693489564408
13.5809054991416
13.5924662405958
13.6040311534724
13.6156006465396
13.627175292652
13.6387550784645
13.6503392547553
13.6619280159444
13.6735208999518
13.6851178034108
13.6967183312944
13.7083226718715
13.7199309665232
13.7315434461323
13.7431604023166
13.7547818422542
13.7664076855519
13.7780375818928
13.7896710795154
13.8013081059162
13.8129487759693
13.8245931167014
13.8362409519605
13.847892146318
13.8595466575715
13.8712049073822
13.8828670002045
13.8945330037714
13.9062034264186
13.9178779539692
13.9295565424864
13.9412390564783
13.9529248415089
13.9646138624891
13.9763055645601
13.9880001001093
13.9996977396696
14.0113984217818
14.0231021413689
14.0348087663338
14.0465185956938
14.0582321161002
14.0699493139062
14.0816701486474
14.0933946466429
14.1051224555095
14.1168535544417
14.1285881714286
14.1403261776767
14.1520671959788
14.1638112325077
14.1755583092966
14.1873084086753
14.1990617655633
14.2108182642595
14.2225777782531
14.2343405778574
14.2461071003045
14.2578771292408
14.2696505179762
14.2814272276621
14.2932072076796
