
0.00375085088163148
0.0290373277163361
0.0928819688838327
0.179614746268798
0.27426538143056
0.372430891615938
0.471583842697112
0.571182011680445
0.671261090390153
0.777531910673896
0.897635463237749
1.0294921149289
1.17087398432776
1.31998280452849
1.47595787753155
1.63674571693263
1.79916633398869
1.96326593893255
2.12922521643468
2.29724118075518
2.46719081299122
2.63898108305711
2.81275749043832
2.98862671870467
3.16661474717634
3.34676463064675
3.5289247197053
3.7130014297017
3.89907394670159
4.08713401231194
4.27754554960852
4.480107290019
4.69754332359617
4.92188387783336
5.14871614300237
5.37758552945936
5.60840167276843
5.8412892026174
6.07638492758214
6.31381606039593
6.55385001537187
6.79692077628188
7.04354937567259
7.29374497450282
7.54731535274908
7.8040684221737
8.06410544073337
8.33008356280624
8.61271036984976
8.93099780033547
9.30084166208452
9.72139809944017
10.1907684939207
10.7090339781893
11.2727528991571
11.8775168476088
12.5185180167221
13.1895402555333
13.8905923475602
14.6242820567514
15.3843786882601
16.167429030917
16.9691543225915
17.4569812325112
