0.0006398408698871
0.00244602433493738
0.0054661984218644
0.00951157062311062
0.014460322292245
0.0212695242050713
0.0314184846659263
0.0458987056302054
0.0653932008430502
0.0904573038006663
0.121843128244494
0.159899062521439
0.204721636096613
0.256056505609846
0.31371138084305
0.377334865531803
0.446657071809797
0.521298529347276
0.600772029944784
0.683946798040903
0.769392592493985
0.855983799120242
0.943552876427293
1.03232246225739
1.12258931476032
1.2145434114276
1.3076151293883
1.40156796353538
1.49669874716947
1.59296818299618
1.6898795351601
1.78707269782682
1.8846047137729
1.98254589058393
2.08091248181566
2.17949037447375
2.27826821133784
2.3771276750839
2.476088527072
2.57516609694583
2.67431705616417
2.77354611485163
2.87286513256586
2.97224648787248
3.07168896417669
3.17119447453359
3.27076491437997
3.37039976901783
3.47010607029212
3.56988406699395
3.66972710421957
3.76964273375193
3.86963221846659
3.96969752980721
4.06984824888951
4.17020112072922
4.27123585141619
4.37349910769696
4.47752127302579
4.58380836236258
4.69241279280091
4.80326585347831
4.91648851316645
5.03212147942069
5.14994889203745
5.26998078052934
5.39216715780924
5.51611865152169
5.64179480614011
5.76936688910143
5.89911235099944
6.03070107206428
6.16378895027762
6.29837501369054
6.4343163039839
6.57180631757851
6.71087825800635
6.85142575079647
6.99344106543093
7.13684835323277
7.28155913586187
7.42759205126905
7.57476696919304
7.72308062904343
7.87237201698316
8.02258043293016
8.1738497248035
8.32620753380745
8.47987130045253
8.6346991308267
8.79055622729317
8.94760739538621
9.10563133690943
9.26455022054692
9.42437719937782
9.58486207787649
9.74573381676599
9.90682297322229
10.0681080398862
10.2296460846181
10.3913951197384
10.5533489509714
10.7155143384854
10.8779907394633
11.0408089939959
11.2039520168835
11.3673281237291
11.5309246207505
11.6947567222315
11.8588269607101
12.0232176013119
12.1879353694006
12.3529472630104
12.5182659879076
12.6838705782257
12.8497681768527
13.0159862976109
13.1825208485564
13.3493907054895
13.5165894023873
13.6841443439037
13.852046626692
14.0202884535357
14.1888535712459
14.3577406655454
14.5269329550228
14.6964178042742
14.8661899765383
15.0362459583506
15.2065950040724
15.3772243148476
15.548132518921
15.7193200314094
15.8907948051777
16.0626286317071
16.2347895656521
16.4072599030443
16.5800457357224
16.753143767903
16.9265517350602
17.1002753107314
17.2743245389225
17.4487076078672
17.6234281566886
17.7984915853017
17.9739003563459
18.149646123391
18.3257205496545
18.502142088507
18.6788975951222
18.8559867335499
19.0334109024489
19.2111725312626
19.3892785348143
19.5677367801835
19.74656029584
19.9257361100219
20.1052543622259
20.2851102217068
20.4653152199951
20.6458544495321
20.8267119943004
21.0078810447406
21.1893640245015
21.3711781063576
21.55330822419
21.7357481945395
21.9184941047443
22.1015507585804
22.2849129321698
22.4685731242254
22.6525341294861
22.8367964422762
23.0213631039759
23.206236296001
23.3914168153908
23.5769430698803
23.7628149348658
23.9490200321251
24.1355534421442
24.3224213067972
24.509615526807
24.6971324642689
24.8849460648735
15.0730499906978
15.2614458356925
15.4501215888312
15.6390737915673
15.8283363360837
16.0179709776186
16.2079471146286
16.3983566987556
16.5898557720939
16.7831695432235
16.9788850664032
17.1773786507949
17.3788376398917
17.5833338302977
17.7905766969535
18.0006353508637
18.2130940159427
18.4276602680899
18.6440842334632
18.8624215756981
19.0825186093127
19.3040498117281
19.526642414706
19.7500088750222
19.9740329744935
6.03971457892393
6.08470857405657
6.12978200804405
6.17492879158363
6.2201470077961
6.2654371169723
6.31079717996212
6.35622577268931
6.40172151422889
6.44728308273212
6.49290984399081
6.53859993792615
6.5843524480728
6.63016471089432
6.67603745738053
6.72197297563514
6.76797268996977
6.81403628335357
6.86016139973027
6.90634747910013
6.9525950985017
6.99890532992788
7.04528080721587
7.09172528713764
7.13824087833518
7.18482752486409
7.23148448135449
7.27821187031729
7.32500997681393
7.37187755368419
7.41881498092091
7.46582387330119
7.51290453309371
7.56005815092992
7.60728517750521
7.65458681565149
7.70196477207101
7.74942071838503
7.79695420599753
7.8445663963292
7.89226010141033
7.94003781752995
7.98790181615288
8.03585290188488
8.08388966241236
8.13201463070288
8.18023257963162
8.22854758169178
8.27696214147159
8.32547860894318
8.37409960195947
8.42283024296261
8.47167465664612
8.5206348430195
8.56971185209717
8.61890646017756
8.6682186880683
8.71764794667586
8.76719148220513
8.81685121023832
8.86662295817521
8.91650535125257
8.9665026780393
9.01661534478808
9.0668380284194
9.11716952318261
9.1676079506022
9.21815165975594
9.26880082433469
9.31955539342199
9.37041400319927
9.42137572449923
9.47243847064217
9.52360102644407
9.57486332340151
9.62622571714807
9.67768918329027
9.72925313510531
9.78091848732556
9.83268785279931
9.88456384878407
9.93655043627133
9.98865100099247
10.0408702650122
10.093221263244
10.1457423884565
10.1984752724099
10.2514632710747
10.3047678696012
10.3584507822845
10.4125898804029
10.4673199053706
10.5227210777601
10.5787492519832
10.6354025028988
10.6928496981919
10.7511534001862
10.8104681013383
10.8711185489
10.933216672703
10.996883565392
11.0623015178498
11.1294942662661
11.1983724076803
11.2689174201595
11.3410895829505
11.4148149636487
11.4901737756349
11.5671954921693
11.6458243148949
11.7260826691498
11.8079537582368
11.8914462951051
11.9765733582968
12.0633245667686
12.1517061283729
12.2416979770748
12.333177733235
12.4261004532212
12.5205168876723
12.6164249745842
12.7138237944483
12.8127952147326
12.9134555153846
13.0158135202609
13.1197936961156
13.2252934848885
13.3322364765739
13.4405894711547
13.5503860314439
13.6615947288627
13.7741757038658
13.8881203431539
14.0034606166334
14.1201752173744
14.2381470863678
14.3573532139059
14.4778285965638
14.5995754169086
14.7225728317693
14.8468249012525
14.9722620458466
15.0988064979227
15.2264186169139
15.3550448917287
15.4846731518675
15.6152710310063
15.7468133696801
15.8792905116128
16.0127265535147
16.1470787739053
16.2823091763352
16.4184380967935
16.5554855047218
16.6934934696974
16.8324782084833
16.9725206568173
17.1136307234823
17.2558116407243
17.3990664056509
17.5434114456851
17.6888432571032
17.8353319738242
17.9827802861084
18.1310978626313
18.2802592837607
18.4302341165438
18.580983099203
18.7324989791655
18.884790384482
19.0378902552963
19.1917803613878
19.3464379752629
19.5018175162798
19.6578881715701
19.8146249466843
19.9720125075171
1.43785678117242
1.44917928332719
1.46054268303194
1.47195109507082
1.48340177716614
1.49489189014503
1.50642184277549
1.5179920017716
1.52960085395021
1.54124498970913
1.55292284050668
1.56463001651638
1.57636760096393
1.58813413418662
