0.000275783459189339
0.00114096775194336
0.0025177289575236
0.00436642186632426
0.0067746071120211
0.00972682614519711
0.0132153121633815
0.0171209320821766
0.0214010339019989
0.02606672655608
0.03115638351402
0.0369944841726818
0.0439014858120489
0.0521830488610494
0.0620804152803998
0.0738010552387563
0.0874797316699056
0.103272087667962
0.121292142620766
0.141666234929206
0.164427061930178
0.18978687572668
0.217985937715158
0.248992866878817
0.282904464173376
0.319808768612576
0.359772890673237
0.402748120326902
0.448679990683648
0.497527957828984
0.549220935727374
0.603740511018878
0.661071175469184
0.721107629000555
0.783772008365491
0.849003447446557
0.916778277917129
0.987035950755136
1.05967627746946
1.13462115274292
1.21178623279012
1.29106195297196
1.37216444517976
1.4548299367178
1.53888029559203
1.62388852917476
1.70961463715575
1.79583881077526
1.88248230890755
1.96956248421502
2.05706408624098
2.14503839616741
2.2335820218226
2.32272554007912
2.4125278942178
2.50306652475153
2.5943975820329
2.68646863721544
2.77908963712104
2.87210977888048
2.96552292041921
3.0593167370329
3.15352791795461
3.24827995369517
3.34363509978137
3.43956891198848
3.53588263995003
3.63255006656441
3.72944678691977
3.82650174201138
3.92364181980844
4.02091357011036
4.11834649405192
4.21593914688923
4.31369318895197
4.41166657935106
4.509836917348
4.60819986823154
4.70667983408037
4.80522075803096
4.90385334256594
5.00260261547404
5.10139878065242
5.20023132861952
5.29909461611605
5.39798824123195
5.49693722778665
5.59595986564686
5.69502438350777
5.79412371812812
5.89325638416505
5.99241865605705
6.09161273120072
6.19084625008953
6.2901230273369
6.3894403705844
6.48878521992851
6.58815657043379
6.68755459771308
6.78697975024639
6.88643262007288
6.98591337267629
7.08542239844461
7.18495973287271
7.28452663595572
7.38412274521377
7.48374715913867
7.58339948029012
7.68308214872501
7.78280300406857
7.88255621824611
7.98233779247085
8.08214753262424
8.18198527829053
8.28185710073987
8.38175959294142
8.48169615094184
8.58166613532343
8.68166733780539
8.78170263529983
8.88177182883606
8.98187692421363
9.08202392071488
9.18220902786369
9.28247571407829
9.38295252164076
9.48373769932537
9.58491073475153
9.68661105893323
9.78894451056427
9.89198872024153
9.99586481073431
10.1007391388701
10.2066490037556
10.3135688153158
10.4215488157336
10.5305273474403
10.6405057710341
10.751477573074
10.8634868411008
10.9765627467372
11.0907499493073
11.2059957160584
11.3222733286966
11.4395382432614
11.5576984512896
11.6768429617317
11.7969958434571
11.9181614770551
12.0402620980636
12.1631691283176
12.2868279895579
12.4112669659238
12.5364559295204
12.6624255138145
12.7892008763701
12.916866854349
13.0455499601048
13.1752096154845
13.3057017596044
13.4370098758599
13.5690774121446
13.7017967142268
13.8351013937444
13.9690773214839
14.1037702779407
14.2390504637486
14.3748948419878
14.5114021032267
14.6485903630615
14.7865642145516
14.9252361778116
15.0645486344191
15.204510398861
15.3451255112097
15.4864526750993
15.6283826845891
15.7709425065276
15.9141273486202
16.0579087947737
16.2022451840353
16.3471755027797
16.4927287531948
16.638838732897
16.7854408975409
16.9325433019135
17.0801872779824
17.2283357514166
17.3769314153477
17.5259843628498
17.6754242340977
17.8252302895905
17.9754897674105
18.1262330829046
18.2774466814353
18.4291279919864
18.5812758172925
18.7339669510668
18.8872615935765
19.0411476450437
19.195591280102
19.3504769282975
19.5057666370162
19.6615553348931
19.8178884783946
19.9747687868629
20.132116639619
20.2899070015172
20.4480718637854
20.6066078900548
20.7655750016893
20.9250038044336
21.0848041048293
21.2449038058433
21.4053000983183
21.5659396752221
21.7267406197668
21.8876566761348
22.0486696112007
22.2097698858537
22.3709547409044
22.5322270064596
22.6935985834314
22.8551062981149
23.0167036903908
23.1783965843726
23.3401798741942
23.5020532799063
23.6640193490491
23.8260778871308
23.9882310226062
24.1504820656871
24.3128926065776
24.4754791637923
24.6382056677742
24.8010761749604
24.9641152614679
15.1272745155573
15.2905350678561
15.4539008749244
15.6173626601013
15.7809205898799
15.9445803966886
16.108345503843
16.2722189945155
16.4361952429275
16.6002764924049
16.7644803438742
16.9288453930233
17.0933911630775
17.258069027543
17.4228545811514
17.5877676808724
17.7528396783051
17.918052406216
18.083388080794
18.2488417296016
18.4144346778665
18.58014951326
18.7459931879463
18.9119783979185
19.0781142058676
19.2443816532649
19.4107834187958
19.5773402508356
19.7440410286126
19.9108918386681
6.01557858409647
6.04900758454428
6.08246523107426
6.1159547474045
6.14947901806455
6.18303368327984
6.21661757642698
6.25023233189478
6.28387703667004
6.31755097424667
6.35125343544267
6.38498410706066
6.41874425186924
6.45253215839006
6.48634692066755
6.52018898479262
6.55405708929664
6.58795087720683
6.6218702321141
6.65581508452415
6.68978548944225
6.72378111186508
6.75780167448723
6.7918487145068
6.82592184529303
6.8600198781899
6.89414262761258
6.9282901536427
6.96246239609772
6.99665963351444
7.03088135730913
7.06512820385758
7.0994007888598
7.13369816825625
7.16802648824042
7.20239068662951
7.23678390090533
7.2712059494342
7.30565530454345
7.34013212277846
7.37463649113715
7.40916917880608
7.44372982494572
7.47831829862049
7.51293448353623
7.54757819871044
7.58224941217921
7.61694828077707
7.6516752042146
7.68643056515811
7.72121477040658
7.7560282196749
7.79087130956621
7.82574419681247
7.86064689491394
7.89557943722515
7.93054267050986
7.96553607403998
8.00056041763257
8.03561495139714
8.07070089815561
8.10581674235841
8.14096228506399
8.17613716963298
8.21134084628817
8.24657424734453
8.28183980175611
8.3171354206495
8.3524605932121
8.38781541816991
8.42319977344656
8.45861392383676
8.49405780585938
8.5295314241216
8.56503490610203
8.60056838811091
8.63613200244475
8.67172598693226
8.70735112731788
8.74300734018143
8.77869490949847
8.81441461978609
8.8501672504374
8.88595213312798
8.92176814271224
8.95761483195822
8.99349191032746
9.02939939612049
9.06533700381566
9.10130427820627
9.13730176446668
9.17333093881399
9.20939184899778
9.2454817810304
9.28160041065311
9.3177473960869
9.35392245126999
9.39012526287812
9.42635564453873
9.46261351506788
9.49889937019212
9.53521381102568
9.5715583638827
9.60793232436258
9.64433403324472
9.68076355105622
9.71722072920725
9.7537053022593
9.79021722149597
9.8267562660397
9.86332234713493
9.89991656620169
9.93653816677748
9.97318709221557
10.0098629541388
10.04656520697
10.0832936015107
10.120049346776
10.1568315337109
10.1936403582687
10.2304760202364
10.2673385598265
10.3042280561566
10.3411447704227
10.3780888413634
10.4150601466417
10.4520584115936
10.48908352848
10.5261375669259
10.563223563303
10.6003404097196
10.6374876832115
10.6746663077315
10.7118744953944
10.7491118947185
10.7863783720793
10.823674021676
10.8609990489649
10.8983544986116
10.9357390109661
10.9731520885185
11.0105948424155
11.0480664655397
11.0855667927472
11.1230938287135
11.1606469196471
11.1982257291931
11.2358300684828
11.2734605565128
11.311117761167
11.3488000576588
11.3865074310426
11.4242394983723
11.4619961956936
11.4997774361882
11.5375832062053
11.5754140857628
11.6132792873233
11.651178712897
11.6891087473237
11.7270721922603
11.7650632447668
11.8030845798136
11.8411432921265
11.87926051444
11.9174838569149
11.9558268444965
11.9943240585075
12.0330080110057
12.0719000684117
12.1110141928982
12.1503551284117
12.1899534232972
12.2298203928577
12.2699521339581
12.3103376108583
12.3510011537064
12.3919386582371
12.4331183211439
12.4745348375736
12.5162005902755
12.5581190286269
12.6002859078887
12.6426579731149
12.6852202420383
12.7279796865582
12.7709180633047
12.814017894139
12.8572802995602
12.9007141683268
12.9443216511126
12.9880897090641
13.0320160074639
13.0760912966338
13.1203061848834
13.164626023808
13.2090432730144
13.2535545880877
13.2981418632725
13.3427958215289
13.38750399376
13.4322719545541
13.4771002674654
13.5219742376098
13.5668862305583
13.6118388230262
13.6568287703001
13.7018537409856
13.7469148964069
13.7920095180991
13.8371362119933
13.8822950411294
13.9274857989156
13.972707941835
14.0179614087701
14.0632480864539
14.1085657946437
14.1539141444592
14.1992936549148
14.2447035065673
14.2901433541528
14.3356129926224
14.3811124755416
14.4266415344335
14.4721992838214
14.5177865765386
14.5634027396506
14.6090471489793
14.6547191098336
14.7004200159078
14.7461493542421
14.7919052022544
14.8376873917837
14.8834962822159
14.9293320061775
14.9751944623158
15.0210842791062
15.0670019709918
15.1129479979511
15.1589230334528
15.2049260599949
15.2509579039584
15.297018230974
15.3431061710623
15.389221176245
15.4353631493931
15.4815321998806
15.5277284957947
15.5739520769273
15.6202030859802
15.6664818103515
15.7127884600328
15.7591234356767
15.805487574063
15.8518818162357
15.8983067688348
15.9447628631856
15.9912507951756
16.0377703093538
16.0843215540748
16.1309043226434
16.1775183640036
16.2241635920916
16.2708400830476
16.3175478945119
16.3642870206408
16.4110575701477
16.4578596765752
16.5046929041498
16.5515566476269
16.5984509741805
16.6453764678989
16.692333707072
16.7393228122189
16.7863435844978
16.8333960332164
16.8804806997347
16.9275978104005
16.9747473911066
17.021929383021
17.069144075969
17.1163916493867
17.1636724111373
17.2109865515641
17.2583344104901
17.3057166465397
17.3531334824067
17.4005851559674
17.4480713886502
17.4955919394818
17.5431469634944
17.590736971771
17.6383624278304
17.6860239139006
17.7337221532819
17.7814576576756
17.8292306046737
17.877041373092
17.9248907372647
17.972779086344
18.0207063141539
18.0686717394577
18.116675105896
18.1647165503523
18.2127967279296
18.2609165429366
18.3090768449571
18.3572787515639
18.4055233041712
18.453811167852
18.5021424542178
18.5505176334445
18.5989378484929
18.6474031155401
18.6959138093373
18.7444703478416
18.7930734764924
18.8417241044088
18.8904236217171
18.9391728734429
18.9879725824382
19.0368233596348
19.0857254631898
19.1346791707315
19.1836845962574
19.2327419536952
19.2818516672186
19.3310136209238
19.3802278175981
19.4294943235879
19.4788131331889
19.5281839149228
19.5776067966564
19.6270812538991
19.676605988433
19.7261808349615
19.7758080805375
19.8254875848109
19.8752165055793
19.9249943562657
19.974821235403
1.43033552779979
1.43390165207014
1.43747142464236
1.44104507325632
1.44462234455553
1.44820314730474
1.45178744355683
1.45537521144848
1.45896644849087
1.46256113202336
1.4661592312518
1.46976071698341
1.47336556348964
1.47697374586461
1.48058525897531
1.48420011919884
1.48781833576548
1.4914399111223
1.49506482899244
1.49869305369849
1.50232457787859
1.50595939337131
1.50959748539267
1.51323882828383
1.51688339474767
1.52053113038309
1.52418202616751
1.52783609588004
1.53149334605057
1.53515375613341
1.53881731983238
1.54248405873461
1.54615400158604
1.54982716357989
1.55350352809152
1.55718307760027
1.56086581603004
1.56455175298233
1.56824090762898
1.57193332832018
1.57562905330171
1.57932811446592
1.58303054564475
1.58673639294369
1.5904457236738
1.5941585981544
1.59787505993032
1.60159514577825
1.60531891087379
1.60904643957949
1.61277783108316
1.61651319029896
1.62025296368196
1.62399807385898
1.62774861439366
1.63150568981792
1.63526963884482
1.63904066878016
1.64281989743083
1.64660804857797
1.65040615300752
1.65421489507269
1.65803498608186
1.66186777058211
1.66571388513176
1.66957482781742
1.67345194506475
1.67734812486754
1.68126537772089
1.68520308366092
1.68916375538703
1.69314444139427
1.69714406530497
1.70116254729011
1.70520075110939
1.7092611165373
1.7133472411209
1.71746098094392
1.72160184899465
1.72576960148351
1.72996576072802
1.73419752904856
1.73846828982031
1.7427835273237
1.74714405250178
1.75155035884726
1.75600338556247
1.76050496530248
1.76505893162967
1.76966739506541
1.77433262175526
1.77905604885682
1.78383513080925
1.78866872136419
1.79355478959131
1.7984950187466
1.80348826746399
1.80853352699231
1.81363199723716
1.81878158869958
1.82397913723545
1.82922655876523
1.83452383344354
1.83987353526829
1.84527613774888
1.85073229301145
1.8562402133072
1.86179973552126
1.86740966067035
1.87307040061644
1.87878311345798
1.88454900039907
1.89036561074842
1.89623190511371
1.90215074238842
1.90812081299274
1.91414299225626
1.92021721071204
1.92634255741025
1.93251984125575
1.93874859108782
1.94502903232132
1.95136155748399
1.95774581462725
1.96418044737257
1.97066269171977
1.97719121873249
1.98376573435423
1.9903857183484
1.99705185855341
2.00376594930438
2.01052801348943
2.01733751506769
2.02419394864298
2.03109740007938
2.03804867802093
2.04504731962984
2.05209655493583
2.05919923093916
2.06635547500022
2.07356577596011
2.0808303457966
2.08814833960625
2.09551872437643
2.10293983235413
2.11041044430641
2.1179285659556
2.12549359578565
2.13310453338945
2.14076001373675
2.14846005235587
2.15620502850458
2.16399574953542
2.17183263848614
2.17971550613246
2.18764244066651
2.19561343856721
2.20362770611721
2.21168550299041
2.21978632557189
2.22793052802445
2.23611897192453
2.2443518712186
2.25262982907181
2.26095113649927
2.26931387422088
2.27771624613386
2.28615728542771
2.29463762256308
2.30315712423514
2.31171663719851
2.32031717950774
2.32895786863057
2.33763906001243
2.34636033486031
2.35512078038921
2.36392122407318
2.37276199476945
2.38164225328967
2.39056039509653
2.39951570581808
2.40850752113378
2.41753286349007
2.42659390145186
2.43568827291184
2.44481585024705
2.45397626538748
2.46316738658918
2.4723909580233
2.48164618186971
2.49093269910058
2.5002498021199
2.50959712998315
2.5189747435446
2.52838151093664
2.53781800644282
2.54728437974509
2.55678090904747
2.56630817301911
2.57586615291403
2.58545237066599
2.59506623152049
2.60470804252097
2.61437787190374
2.62407600845058
2.63380323645176
2.643558991299
2.6533440989248
2.66315982106443
2.67300606853455
2.68288287905851
2.69279036806442
2.70272968668085
2.71270264860503
2.72270995971936
2.73275153997239
2.74282648665499
2.75293534797244
2.76307828692909
2.77325544225926
2.78346656976343
2.79371183218132
2.80399158536038
2.81430629683926
2.82465577434065
2.8350394831078
2.84545754202105
2.85590899049851
2.86639263865032
2.87690670770053
2.88744963360496
2.89802009290269
2.90861750181566
2.91924224314124
2.92989315424627
2.94057060443295
2.95127393408271
2.96200191158739
2.97275418275033
2.98353121526456
2.99433320861118
3.00515863792515
3.01600806411962
3.02688276310815
3.03778310715776
3.04870885051533
3.0596609338869
3.07063786756767
3.08163905387223
3.09266519572911
3.10371517252129
3.11478839556869
3.12588403408643
3.13700239121314
3.14814274772857
3.1593034561452
3.17048552568183
3.18168909887259
3.19291376256243
3.2041582279992
3.21542181630366
3.22670424688991
3.2380042381232
3.24931998497026
3.26065338748617
3.27200444399866
3.28337499354731
3.29476688995698
3.30617750611859
3.31760724374215
3.32905609881345
3.34052209457481
3.35200581686544
3.36350675282632
3.37502520492735
3.3865621056894
3.39811656014894
3.40968876961613
3.42127945085269
3.43288586153308
3.44450939547321
3.45614827917534
3.46780122684554
3.47946948849231
3.49115346562226
3.50284960544545
3.51455802902506
3.52628061387737
3.5380167989947
3.54976544139083
3.56152677507613
3.5733018019199
